0.25  0.87926
0.25325  0.447831
0.2565  0.788328
0.25975  0.1745
0.263  0.425199
0.26625  0.207846
0.2695  0.178638
0.27275  0.632661
0.276  0.970166
0.27925  0.890176
0.2825  0.581724
0.28575  0.088909
0.289  0.346443
0.29225  0.934673
0.2955  0.382744
0.29875  0.403158
0.302  0.951708
0.30525  0.317107
0.3085  0.482342
0.31175  0.576238
0.315  0.279885
0.31825  0.118316
0.3215  0.134477
0.32475  0.507197
0.328  0.904306
0.33125  0.924255
0.3345  0.209581
0.33775  0.0944401
0.341  0.12881
0.34425  0.491832
0.3475  0.920597
0.35075  0.591211
0.354  0.954019
0.35725  0.527665
0.3605  0.844632
0.36375  0.723253
0.367  0.373332
0.37025  0.755706
0.3735  0.877923
0.37675  0.125865
0.38  0.24161
0.38325  0.750851
0.3865  0.753579
0.38975  0.328623
0.393  0.200353
0.39625  0.426186
0.3995  0.895255
0.40275  0.140068
0.406  0.988543
0.40925  0.176937
0.4125  0.489414
0.41575  0.152094
0.419  0.102978
0.42225  0.24286
0.4255  0.57057
0.42875  0.94158
0.432  0.576162
0.43525  0.26676
0.4385  0.897719
0.44175  0.234841
0.445  0.76355
0.44825  0.274649
0.4515  0.224257
0.45475  0.15648
0.458  0.920292
0.46125  0.690945
0.4645  0.899149
0.46775  0.139929
0.471  0.73196
0.47425  0.101801
0.4775  0.895334
0.48075  0.377576
0.484  0.755774
0.48725  0.944004
0.4905  0.298982
0.49375  0.714285
0.497  0.836374
0.50025  0.779894
0.5035  0.210321
0.50675  0.0954356
0.51  0.383454
0.51325  0.848412
0.5165  0.513444
0.51975  0.969119
0.523  0.114775
0.52625  0.117176
0.5295  0.900078
0.53275  0.75534
0.536  0.9006
0.53925  0.167714
0.5425  0.139424
0.54575  0.459869
0.549  0.83738
0.55225  0.885455
0.5555  0.469964
0.55875  0.939024
0.562  0.865428
0.56525  0.856023
0.5685  0.625076
0.57175  0.404548
0.575  0.310315
0.57825  0.14533
0.5815  0.108069
0.58475  0.907863
0.588  0.129311
0.59125  0.220523
0.5945  0.814215
0.59775  0.144237
0.601  0.945261
0.60425  0.126148
0.6075  0.905201
0.61075  0.487084
0.614  0.181295
0.61725  0.730998
0.6205  0.920278
0.62375  0.57091
0.627  0.965374
0.63025  0.788881
0.6335  0.439598
0.63675  0.526874
0.64  0.829258
0.64325  0.0934456
0.6465  0.911937
0.64975  0.112575
0.653  0.134805
0.65625  0.256555
0.6595  0.558754
0.66275  0.719161
0.666  0.608283
0.66925  0.658745
0.6725  0.449228
0.67575  0.669392
0.679  0.805151
0.68225  0.510858
0.6855  0.851408
0.68875  0.921775
0.692  0.266125
0.69525  0.138364
0.6985  0.399141
0.70175  0.46998
0.705  0.576898
0.70825  0.39564
0.7115  0.892692
0.71475  0.900631
0.718  0.147516
0.72125  0.867521
0.7245  0.912733
0.72775  0.917509
0.731  0.868718
0.73425  0.989891
0.7375  0.197078
0.74075  0.68731
0.744  0.109273
0.74725  0.93177
0.7505  0.158447
0.75375  0.350524
0.757  0.939534
0.76025  0.0969869
0.7635  0.122814
0.76675  0.19431
0.77  0.31532
0.77325  0.832199
0.7765  0.710271
0.77975  0.208949
0.783  0.426328
0.78625  0.676029
0.7895  0.781122
0.79275  0.740601
0.796  0.456211
0.79925  0.399337
0.8025  0.913085
0.80575  0.655581
0.809  0.241954
0.81225  0.877535
0.8155  0.132833
0.81875  0.34545
0.822  0.84938
0.82525  0.194145
0.8285  0.380824
0.83175  0.223314
0.835  0.126093
0.83825  0.839058
0.8415  0.820968
0.84475  0.446709
0.848  0.189611
0.85125  0.729442
0.8545  0.912095
0.85775  0.277702
0.861  0.860385
0.86425  0.149637
0.8675  0.422514
0.87075  0.311488
0.874  0.895772
0.87725  0.165359
0.8805  0.536303
0.88375  0.814305
0.887  0.594948
0.89025  0.441837
0.8935  0.270264
0.89675  0.528628
0.9  0.187936
0.90325  0.403153
0.9065  0.645212
0.90975  0.338985
0.913  0.740319
0.91625  0.388129
0.9195  0.118139
0.92275  0.913425
0.926  0.901166
0.92925  0.564694
0.9325  0.281172
0.93575  0.307115
0.939  0.434319
0.94225  0.362606
0.9455  0.951116
0.94875  0.279651
0.952  0.499073
0.95525  0.563852
0.9585  0.92557
0.96175  0.745556
0.965  0.349055
0.96825  0.657636
0.9715  0.44193
0.97475  0.50097
0.978  0.81704
0.98125  0.835821
0.9845  0.603251
0.98775  0.878188
0.991  0.131395
0.99425  0.311478
0.9975  0.831332
1.00075  0.606819
1.004  0.189409
1.00725  0.553647
1.0105  0.428519
1.01375  0.912608
1.017  0.713623
1.02025  0.206856
1.0235  0.692126
1.02675  0.529709
1.03  0.8484
1.03325  0.345361
1.0365  0.516839
1.03975  0.977534
1.043  0.111216
1.04625  0.162672
1.0495  0.131634
1.05275  0.73827
1.056  0.890567
1.05925  0.647028
1.0625  0.911781
1.06575  0.728574
1.069  0.894331
1.07225  0.827456
1.0755  0.772031
1.07875  0.915098
1.082  0.943615
1.08525  0.361891
1.0885  0.102765
1.09175  0.0902908
1.095  0.781916
1.09825  0.473492
1.1015  0.708947
1.10475  0.94061
1.108  0.76585
1.11125  0.948801
1.1145  0.601755
1.11775  0.940742
1.121  0.385187
1.12425  0.195385
1.1275  0.821929
1.13075  0.790363
1.134  0.164398
1.13725  0.505561
1.1405  0.148667
1.14375  0.330613
1.147  0.253463
1.15025  0.472378
1.1535  0.736424
1.15675  0.321724
1.16  0.63006
1.16325  0.596941
1.1665  0.624
1.16975  0.649077
1.173  0.47307
1.17625  0.694092
1.1795  0.83155
1.18275  0.142304
1.186  0.850552
1.18925  0.940741
1.1925  0.291888
1.19575  0.577444
1.199  0.194619
1.20225  0.251252
1.2055  0.206582
1.20875  0.104759
1.212  0.153386
1.21525  0.187064
1.2185  0.830389
1.22175  0.410652
1.225  0.138471
1.22825  0.696031
1.2315  0.923216
1.23475  0.599711
1.238  0.79213
1.24125  0.909537
1.2445  0.881914
1.24775  0.673573
1.251  0.172432
1.25425  0.816458
1.2575  0.166826
1.26075  0.892249
1.264  0.291972
1.26725  0.56519
1.2705  0.904399
1.27375  0.138441
1.277  0.412241
1.28025  0.147916
1.2835  0.746249
1.28675  0.307017
1.29  0.240425
1.29325  0.560595
1.2965  0.927207
1.29975  0.631871
1.303  0.140372
1.30625  0.174653
1.3095  0.972629
1.31275  0.177226
1.316  0.589964
1.31925  0.786113
1.3225  0.889941
1.32575  0.241705
1.329  0.133828
1.33225  0.326262
1.3355  0.144101
1.33875  0.656714
1.342  0.937562
1.34525  0.108817
1.3485  0.910087
1.35175  0.159274
1.355  0.729557
1.35825  0.65722
1.3615  0.368263
1.36475  0.655298
1.368  0.751459
1.37125  0.157425
1.3745  0.801242
1.37775  0.51381
1.381  0.301369
1.38425  0.920069
1.3875  0.109536
1.39075  0.442852
1.394  0.46772
1.39725  0.180836
1.4005  0.721835
1.40375  0.806054
1.407  0.13653
1.41025  0.216007
1.4135  0.106137
1.41675  0.791327
1.42  0.886778
1.42325  0.237091
1.4265  0.921916
1.42975  0.765124
1.433  0.166048
1.43625  0.974854
1.4395  0.972147
1.44275  0.671016
1.446  0.512026
1.44925  0.49553
1.4525  0.74822
1.45575  0.290031
1.459  0.115792
1.46225  0.269444
1.4655  0.103909
1.46875  0.663601
1.472  0.178076
1.47525  0.957397
1.4785  0.426865
1.48175  0.832356
1.485  0.715549
1.48825  0.441739
1.4915  0.699913
1.49475  0.866821
1.498  0.952891
1.50125  0.792051
1.5045  0.320588
1.50775  0.214061
1.511  0.677649
1.51425  0.545458
1.5175  0.285169
1.52075  0.408679
1.524  0.769606
1.52725  0.553249
1.5305  0.223718
1.53375  0.246296
1.537  0.138306
1.54025  0.653038
1.5435  0.540945
1.54675  0.126187
1.55  0.813774
1.55325  0.727359
1.5565  0.209512
1.55975  0.113091
1.563  0.152743
1.56625  0.888993
1.5695  0.168395
1.57275  0.691889
1.576  0.208037
1.57925  0.528834
1.5825  0.526915
1.58575  0.772608
1.589  0.737398
1.59225  0.179125
1.5955  0.970464
1.59875  0.43557
1.602  0.806676
1.60525  0.859651
1.6085  0.585298
1.61175  0.342293
1.615  0.576571
1.61825  0.735796
1.6215  0.201063
1.62475  0.30306
1.628  0.819182
1.63125  0.885033
1.6345  0.505218
1.63775  0.860003
1.641  0.66953
1.64425  0.692093
1.6475  0.809706
1.65075  0.558718
1.654  0.82417
1.65725  0.944044
1.6605  0.113934
1.66375  0.811545
1.667  0.149689
1.67025  0.433851
1.6735  0.280899
1.67675  0.53499
1.68  0.685898
1.68325  0.907907
1.6865  0.708419
1.68975  0.230259
1.693  0.878926
1.69625  0.238944
1.6995  0.791427
1.70275  0.75998
1.706  0.809054
1.70925  0.543366
1.7125  0.596943
1.71575  0.978155
1.719  0.216428
1.72225  0.437525
1.7255  0.652058
1.72875  0.543402
1.732  0.147
1.73525  0.610356
1.7385  0.245111
1.74175  0.30542
1.745  0.910324
1.74825  0.723827
1.7515  0.161872
1.75475  0.156303
1.758  0.523511
1.76125  0.797754
1.7645  0.893446
1.76775  0.699117
1.771  0.155816
1.77425  0.54954
1.7775  0.818566
1.78075  0.121518
1.784  0.114608
1.78725  0.576262
1.7905  0.143424
1.79375  0.670608
1.797  0.135065
1.80025  0.18562
1.8035  0.674835
1.80675  0.238723
1.81  0.815365
1.81325  0.947455
1.8165  0.202293
1.81975  0.152691
1.823  0.215338
1.82625  0.412768
1.8295  0.920433
1.83275  0.612746
1.836  0.327385
1.83925  0.915754
1.8425  0.595335
1.84575  0.172153
1.849  0.134906
1.85225  0.259728
1.8555  0.737516
1.85875  0.0912896
1.862  0.357138
1.86525  0.772053
1.8685  0.859498
1.87175  0.108836
1.875  0.128977
1.87825  0.160598
1.8815  0.87534
1.88475  0.855863
1.888  0.149641
1.89125  0.623309
1.8945  0.940492
1.89775  0.331054
1.901  0.958081
1.90425  0.107869
1.9075  0.75462
1.91075  0.947724
1.914  0.262052
1.91725  0.847449
1.9205  0.855004
1.92375  0.984614
1.927  0.553529
1.93025  0.662935
1.9335  0.252264
1.93675  0.945073
1.94  0.155215
1.94325  0.950607
1.9465  0.276282
1.94975  0.963048
1.953  0.107871
1.95625  0.444792
1.9595  0.373447
1.96275  0.968021
1.966  0.258683
1.96925  0.585663
1.9725  0.767916
1.97575  0.769964
1.979  0.655137
1.98225  0.812634
1.9855  0.130473
1.98875  0.827199
1.992  0.601749
1.99525  0.1831
1.9985  0.574389
2.00175  0.45773
2.005  0.941361
2.00825  0.716082
2.0115  0.197682
2.01475  0.398928
2.018  0.340807
2.02125  0.362551
2.0245  0.759616
2.02775  0.570162
2.031  0.171168
2.03425  0.832644
2.0375  0.953822
2.04075  0.424361
2.044  0.323223
2.04725  0.270156
2.0505  0.603839
2.05375  0.255382
2.057  0.180495
2.06025  0.195543
2.0635  0.130988
2.06675  0.907383
2.07  0.953125
2.07325  0.255118
2.0765  0.574502
2.07975  0.755668
2.083  0.358568
2.08625  0.677601
2.0895  0.897397
2.09275  0.912079
2.096  0.273912
2.09925  0.263887
2.1025  0.739438
2.10575  0.304618
2.109  0.686652
2.11225  0.617483
2.1155  0.187355
2.11875  0.486793
2.122  0.272749
2.12525  0.916928
2.1285  0.699288
2.13175  0.738885
2.135  0.141489
2.13825  0.184079
2.1415  0.46034
2.14475  0.27417
2.148  0.85039
2.15125  0.915533
2.1545  0.424117
2.15775  0.130253
2.161  0.85809
2.16425  0.557273
2.1675  0.593506
2.17075  0.857881
2.174  0.364135
2.17725  0.986375
2.1805  0.200221
2.18375  0.20853
2.187  0.16716
2.19025  0.834062
2.1935  0.974662
2.19675  0.148688
2.2  0.847897
2.20325  0.612244
2.2065  0.189337
2.20975  0.253495
2.213  0.991631
2.21625  0.931656
2.2195  0.134737
2.22275  0.474575
2.226  0.595098
2.22925  0.843351
2.2325  0.185185
2.23575  0.14562
2.239  0.852876
2.24225  0.785814
2.2455  0.241966
2.24875  0.306216
2.252  0.550374
2.25525  0.392881
2.2585  0.256455
2.26175  0.494576
2.265  0.921897
2.26825  0.239286
2.2715  0.416377
2.27475  0.221637
2.278  0.155443
2.28125  0.520951
2.2845  0.739007
2.28775  0.455622
2.291  0.924019
2.29425  0.130698
2.2975  0.27098
2.30075  0.140193
2.304  0.156968
2.30725  0.163109
2.3105  0.377461
2.31375  0.968577
2.317  0.108005
2.32025  0.150921
2.3235  0.967459
2.32675  0.598759
2.33  0.163898
2.33325  0.604936
2.3365  0.452357
2.33975  0.241236
2.343  0.971175
2.34625  0.912902
2.3495  0.204631
2.35275  0.953027
2.356  0.50004
2.35925  0.70712
2.3625  0.841188
2.36575  0.57779
2.369  0.208085
2.37225  0.935286
2.3755  0.57991
2.37875  0.132911
2.382  0.810935
2.38525  0.933468
2.3885  0.199539
2.39175  0.332504
2.395  0.400446
2.39825  0.884629
2.4015  0.260723
2.40475  0.874118
2.408  0.539239
2.41125  0.163822
2.4145  0.935799
2.41775  0.213596
2.421  0.540564
2.42425  0.943426
2.4275  0.879463
2.43075  0.949139
2.434  0.785031
2.43725  0.509806
2.4405  0.96011
2.44375  0.195932
2.447  0.807416
2.45025  0.891063
2.4535  0.645526
2.45675  0.927433
2.46  0.775243
2.46325  0.15073
2.4665  0.201363
2.46975  0.164856
2.473  0.411389
2.47625  0.380117
2.4795  0.670253
2.48275  0.28318
2.486  0.955501
2.48925  0.118362
2.4925  0.844688
2.49575  0.378123
2.499  0.415311
2.50225  0.975531
2.5055  0.857797
2.50875  0.931931
2.512  0.156131
2.51525  0.619612
2.5185  0.90894
2.52175  0.254477
2.525  0.710505
2.52825  0.51805
2.5315  0.926158
2.53475  0.147095
2.538  0.125899
2.54125  0.505485
2.5445  0.286802
2.54775  0.501086
2.551  0.094875
2.55425  0.639501
2.5575  0.175426
2.56075  0.758276
2.564  0.301061
2.56725  0.631718
2.5705  0.950339
2.57375  0.4282
2.577  0.365556
2.58025  0.186401
2.5835  0.616838
2.58675  0.120109
2.59  0.338945
2.59325  0.162204
2.5965  0.891136
2.59975  0.0918636
2.603  0.314811
2.60625  0.372359
2.6095  0.955257
2.61275  0.982704
2.616  0.206515
2.61925  0.182793
2.6225  0.551502
2.62575  0.773828
2.629  0.465089
2.63225  0.167818
2.6355  0.218146
2.63875  0.747722
2.642  0.221348
2.64525  0.93716
2.6485  0.151079
2.65175  0.894943
2.655  0.93304
2.65825  0.93959
2.6615  0.645634
2.66475  0.652172
2.668  0.267091
2.67125  0.320307
2.6745  0.502128
2.67775  0.980215
2.681  0.289013
2.68425  0.843387
2.6875  0.320178
2.69075  0.490662
2.694  0.16835
2.69725  0.820125
2.7005  0.718329
2.70375  0.167946
2.707  0.920515
2.71025  0.155439
2.7135  0.663812
2.71675  0.940913
2.72  0.811988
2.72325  0.230573
2.7265  0.151766
2.72975  0.269269
2.733  0.915519
2.73625  0.298494
2.7395  0.944477
2.74275  0.861113
2.746  0.99454
2.74925  0.954136
2.7525  0.975579
2.75575  0.946323
2.759  0.363442
2.76225  0.62786
2.7655  0.145484
2.76875  0.213501
2.772  0.152397
2.77525  0.948877
2.7785  0.743519
2.78175  0.34466
2.785  0.874343
2.78825  0.307524
2.7915  0.174728
2.79475  0.946449
2.798  0.878655
2.80125  0.397309
2.8045  0.565694
2.80775  0.771393
2.811  0.869084
2.81425  0.853879
2.8175  0.867996
2.82075  0.144173
2.824  0.141798
2.82725  0.570997
2.8305  0.825964
2.83375  0.16637
2.837  0.823148
2.84025  0.939973
2.8435  0.142853
2.84675  0.879906
2.85  0.929355
2.85325  0.297341
2.8565  0.21502
2.85975  0.898026
2.863  0.531457
2.86625  0.127388
2.8695  0.866944
2.87275  0.863033
2.876  0.826303
2.87925  0.111987
2.8825  0.312952
2.88575  0.102983
2.889  0.8883
2.89225  0.921721
2.8955  0.404808
2.89875  0.968364
2.902  0.975205
2.90525  0.48409
2.9085  0.347868
2.91175  0.8555
2.915  0.286205
2.91825  0.711357
2.9215  0.728806
2.92475  0.51471
2.928  0.171243
2.93125  0.439975
2.9345  0.765563
2.93775  0.932686
2.941  0.22759
2.94425  0.952728
2.9475  0.247697
2.95075  0.938185
2.954  0.206287
2.95725  0.137427
2.9605  0.938207
2.96375  0.90924
2.967  0.777368
2.97025  0.451719
2.9735  0.72442
2.97675  0.665378
2.98  0.909633
2.98325  0.9342
2.9865  0.92924
2.98975  0.937097
2.993  0.134683
2.99625  0.707907
2.9995  0.270245
3.00275  0.453262
3.006  0.169633
3.00925  0.940071
3.0125  0.187485
3.01575  0.127688
3.019  0.960515
3.02225  0.116582
3.0255  0.432443
3.02875  0.960579
3.032  0.46778
3.03525  0.311712
3.0385  0.230742
3.04175  0.786955
3.045  0.856149
3.04825  0.746468
3.0515  0.654126
3.05475  0.434021
3.058  0.389217
3.06125  0.795228
3.0645  0.902682
3.06775  0.948074
3.071  0.666551
3.07425  0.11057
3.0775  0.206121
3.08075  0.505771
3.084  0.787575
3.08725  0.113045
3.0905  0.663025
3.09375  0.760852
3.097  0.958489
3.10025  0.127656
3.1035  0.11966
3.10675  0.505952
3.11  0.834748
3.11325  0.78482
3.1165  0.953358
3.11975  0.703799
3.123  0.690767
3.12625  0.940051
3.1295  0.193893
3.13275  0.194762
3.136  0.911127
3.13925  0.758982
3.1425  0.730073
3.14575  0.150666
3.149  0.635853
3.15225  0.326024
3.1555  0.149447
3.15875  0.489158
3.162  0.321628
3.16525  0.111017
3.1685  0.131131
3.17175  0.225664
3.175  0.2915
3.17825  0.79835
3.1815  0.794684
3.18475  0.738686
3.188  0.287139
3.19125  0.783662
3.1945  0.861471
3.19775  0.842514
3.201  0.413916
3.20425  0.425658
3.2075  0.874312
3.21075  0.143858
3.214  0.180581
3.21725  0.978926
3.2205  0.830453
3.22375  0.762255
3.227  0.377753
3.23025  0.223377
3.2335  0.25887
3.23675  0.856839
3.24  0.93293
3.24325  0.381627
3.2465  0.671579
3.24975  0.876216
3.253  0.54207
3.25625  0.137711
3.2595  0.10738
3.26275  0.6418
3.266  0.205698
3.26925  0.14602
3.2725  0.130178
3.27575  0.181529
3.279  0.293881
3.28225  0.865014
3.2855  0.914264
3.28875  0.772202
3.292  0.973762
3.29525  0.884761
3.2985  0.146096
3.30175  0.727753
3.305  0.176699
3.30825  0.969058
3.3115  0.922445
3.31475  0.335943
3.318  0.166217
3.32125  0.753479
3.3245  0.95768
3.32775  0.71973
3.331  0.72443
3.33425  0.978255
3.3375  0.984923
3.34075  0.252493
3.344  0.0983481
3.34725  0.627752
3.3505  0.089544
3.35375  0.586067
3.357  0.771792
3.36025  0.789479
3.3635  0.939689
3.36675  0.246693
3.37  0.940747
3.37325  0.296952
3.3765  0.215657
3.37975  0.595017
3.383  0.351301
3.38625  0.182195
3.3895  0.174362
3.39275  0.349686
3.396  0.487218
3.39925  0.893758
3.4025  0.814477
3.40575  0.160719
3.409  0.991907
3.41225  0.353903
3.4155  0.925489
3.41875  0.223023
3.422  0.711214
3.42525  0.588608
3.4285  0.335757
3.43175  0.953239
3.435  0.969303
3.43825  0.956714
3.4415  0.326525
3.44475  0.576406
3.448  0.197616
3.45125  0.173751
3.4545  0.670558
3.45775  0.837252
3.461  0.506587
3.46425  0.44764
3.4675  0.334548
3.47075  0.215686
3.474  0.640639
3.47725  0.526909
3.4805  0.347167
3.48375  0.162564
3.487  0.962313
3.49025  0.555712
3.4935  0.776449
3.49675  0.970897
3.5  0.2429
3.50325  0.951564
3.5065  0.903349
3.50975  0.134999
3.513  0.1287
3.51625  0.272656
3.5195  0.375701
3.52275  0.673341
3.526  0.971892
3.52925  0.924763
3.5325  0.122666
3.53575  0.247336
3.539  0.954327
3.54225  0.524391
3.5455  0.954595
3.54875  0.106979
3.552  0.626149
3.55525  0.706981
3.5585  0.579199
3.56175  0.522635
3.565  0.440845
3.56825  0.720271
3.5715  0.877583
3.57475  0.143391
3.578  0.274279
3.58125  0.564115
3.5845  0.0963165
3.58775  0.154261
3.591  0.455118
3.59425  0.894319
3.5975  0.371447
3.60075  0.890035
3.604  0.923087
3.60725  0.598594
3.6105  0.315861
3.61375  0.437213
3.617  0.0950611
3.62025  0.505229
3.6235  0.851221
3.62675  0.72928
3.63  0.411194
3.63325  0.554622
3.6365  0.771016
3.63975  0.922765
3.643  0.315974
3.64625  0.92653
3.6495  0.254666
3.65275  0.477588
3.656  0.726075
3.65925  0.653163
3.6625  0.964395
3.66575  0.271929
3.669  0.623493
3.67225  0.535152
3.6755  0.615722
3.67875  0.577796
3.682  0.916293
3.68525  0.971811
3.6885  0.626168
3.69175  0.586024
3.695  0.232282
3.69825  0.696936
3.7015  0.550699
3.70475  0.936858
3.708  0.207623
3.71125  0.568043
3.7145  0.436793
3.71775  0.125393
3.721  0.60352
3.72425  0.204353
3.7275  0.511152
3.73075  0.698338
3.734  0.950333
3.73725  0.161304
3.7405  0.274157
3.74375  0.185145
3.747  0.245186
3.75025  0.511906
3.7535  0.273378
3.75675  0.452463
3.76  0.972992
3.76325  0.165522
3.7665  0.281258
3.76975  0.679967
3.773  0.93407
3.77625  0.0969384
3.7795  0.107974
3.78275  0.156585
3.786  0.827207
3.78925  0.7093
3.7925  0.828974
3.79575  0.425571
3.799  0.122549
3.80225  0.649822
3.8055  0.753974
3.80875  0.280501
3.812  0.982112
3.81525  0.455643
3.8185  0.241736
3.82175  0.900121
3.825  0.488732
3.82825  0.97572
3.8315  0.992179
3.83475  0.504497
3.838  0.821846
3.84125  0.292673
3.8445  0.971271
3.84775  0.49432
3.851  0.913951
3.85425  0.169858
3.8575  0.452028
3.86075  0.807285
3.864  0.334026
3.86725  0.695089
3.8705  0.186909
3.87375  0.876224
3.877  0.452207
3.88025  0.171864
3.8835  0.392833
3.88675  0.680856
3.89  0.115716
3.89325  0.417401
3.8965  0.909403
3.89975  0.413051
3.903  0.903194
3.90625  0.272817
3.9095  0.12427
3.91275  0.772753
3.916  0.306417
3.91925  0.770015
3.9225  0.556729
3.92575  0.435394
3.929  0.859742
3.93225  0.229637
3.9355  0.427923
3.93875  0.997498
3.942  0.564258
3.94525  0.150651
3.9485  0.929863
3.95175  0.512398
3.955  0.592142
3.95825  0.134331
3.9615  0.50519
3.96475  0.109171
3.968  0.135658
3.97125  0.642945
3.9745  0.406766
3.97775  0.901207
3.981  0.30249
3.98425  0.409012
3.9875  0.11355
3.99075  0.905434
3.994  0.157237
3.99725  0.611019
4.0005  0.144347
4.00375  0.148169
4.007  0.755567
4.01025  0.344671
4.0135  0.92692
4.01675  0.339185
4.02  0.423081
4.02325  0.627153
4.0265  0.727967
4.02975  0.666841
4.033  0.104221
4.03625  0.208066
4.0395  0.382056
4.04275  0.979947
4.046  0.611481
4.04925  0.930283
4.0525  0.231794
4.05575  0.706267
4.059  0.662957
4.06225  0.246112
4.0655  0.435879
4.06875  0.884908
4.072  0.170168
4.07525  0.902613
4.0785  0.704109
4.08175  0.923286
4.085  0.897064
4.08825  0.959791
4.0915  0.53968
4.09475  0.138054
4.098  0.667893
4.10125  0.234696
4.1045  0.782134
4.10775  0.451083
4.111  0.126589
4.11425  0.131828
4.1175  0.14276
4.12075  0.361984
4.124  0.771536
4.12725  0.308698
4.1305  0.283849
4.13375  0.893012
4.137  0.922798
4.14025  0.115063
4.1435  0.881135
4.14675  0.526341
4.15  0.431476
4.15325  0.38439
4.1565  0.912882
4.15975  0.794095
4.163  0.796055
4.16625  0.876692
4.1695  0.689953
4.17275  0.753257
4.176  0.718453
4.17925  0.674385
4.1825  0.862457
4.18575  0.439134
4.189  0.31782
4.19225  0.220323
4.1955  0.457507
4.19875  0.953189
4.202  0.578703
4.20525  0.71926
4.2085  0.94029
4.21175  0.749567
4.215  0.454858
4.21825  0.974857
4.2215  0.105488
4.22475  0.951858
4.228  0.24863
4.23125  0.551823
4.2345  0.994243
4.23775  0.969989
4.241  0.322557
4.24425  0.112225
4.2475  0.751315
4.25075  0.208745
4.254  0.236808
4.25725  0.62453
4.2605  0.930608
4.26375  0.769585
4.267  0.856898
4.27025  0.268324
4.2735  0.180112
4.27675  0.150281
4.28  0.174291
4.28325  0.658744
4.2865  0.930651
4.28975  0.378381
4.293  0.166881
4.29625  0.548822
4.2995  0.132725
4.30275  0.361267
4.306  0.902897
4.30925  0.137632
4.3125  0.241875
4.31575  0.90798
4.319  0.142023
4.32225  0.272283
4.3255  0.215795
4.32875  0.460069
4.332  0.431675
4.33525  0.831595
4.3385  0.895189
4.34175  0.157949
4.345  0.143112
4.34825  0.86844
4.3515  0.935351
4.35475  0.909062
4.358  0.571213
4.36125  0.959795
4.3645  0.900422
4.36775  0.768833
4.371  0.111441
4.37425  0.186705
4.3775  0.824227
4.38075  0.834988
4.384  0.634343
4.38725  0.863699
4.3905  0.56847
4.39375  0.156721
4.397  0.504245
4.40025  0.614624
4.4035  0.220065
4.40675  0.91646
4.41  0.972139
4.41325  0.494082
4.4165  0.159173
4.41975  0.0916364
4.423  0.95194
4.42625  0.839134
4.4295  0.93413
4.43275  0.133689
4.436  0.364358
4.43925  0.129426
4.4425  0.129199
4.44575  0.497429
4.449  0.126933
4.45225  0.615128
4.4555  0.765286
4.45875  0.237238
4.462  0.865536
4.46525  0.935156
4.4685  0.790702
4.47175  0.840449
4.475  0.447752
4.47825  0.140246
4.4815  0.854737
4.48475  0.164407
4.488  0.430062
4.49125  0.866753
4.4945  0.484685
4.49775  0.199353
4.501  0.742382
4.50425  0.303824
4.5075  0.242667
4.51075  0.98898
4.514  0.161403
4.51725  0.210791
4.5205  0.706678
4.52375  0.732095
4.527  0.923984
4.53025  0.840188
4.5335  0.130092
4.53675  0.236275
4.54  0.94506
4.54325  0.916543
4.5465  0.1529
4.54975  0.139127
4.553  0.847992
4.55625  0.19138
4.5595  0.911532
4.56275  0.451299
4.566  0.972557
4.56925  0.688416
4.5725  0.878998
4.57575  0.814432
4.579  0.18572
4.58225  0.465668
4.5855  0.268305
4.58875  0.373512
4.592  0.918723
4.59525  0.938774
4.5985  0.819165
4.60175  0.203504
4.605  0.148847
4.60825  0.892391
4.6115  0.9411
4.61475  0.561781
4.618  0.180104
4.62125  0.776002
4.6245  0.564244
4.62775  0.975828
4.631  0.166754
4.63425  0.842337
4.6375  0.746246
4.64075  0.728218
4.644  0.465001
4.64725  0.105916
4.6505  0.154905
4.65375  0.727378
4.657  0.309506
4.66025  0.866784
4.6635  0.347272
4.66675  0.275128
4.67  0.486568
4.67325  0.837331
4.6765  0.918501
4.67975  0.216281
4.683  0.659827
4.68625  0.153678
4.6895  0.37142
4.69275  0.165289
4.696  0.894186
4.69925  0.201869
4.7025  0.105548
4.70575  0.969755
4.709  0.831062
4.71225  0.396499
4.7155  0.186564
4.71875  0.166152
4.722  0.971081
4.72525  0.808395
4.7285  0.907631
4.73175  0.769049
4.735  0.557256
4.73825  0.389252
4.7415  0.527352
4.74475  0.59743
4.748  0.878804
4.75125  0.316761
4.7545  0.836819
4.75775  0.221859
4.761  0.797547
4.76425  0.945
4.7675  0.483555
4.77075  0.839628
4.774  0.679958
4.77725  0.225902
4.7805  0.921311
4.78375  0.238757
4.787  0.322049
4.79025  0.25178
4.7935  0.794268
4.79675  0.925944
4.8  0.121573
4.80325  0.965525
4.8065  0.136743
4.80975  0.404506
4.813  0.444348
4.81625  0.167019
4.8195  0.828293
4.82275  0.487284
4.826  0.30332
4.82925  0.949372
4.8325  0.151826
4.83575  0.727924
4.839  0.714668
4.84225  0.126211
4.8455  0.713491
4.84875  0.930525
4.852  0.278093
4.85525  0.16375
4.8585  0.416474
4.86175  0.319143
4.865  0.320154
4.86825  0.606204
4.8715  0.495483
4.87475  0.188403
4.878  0.977541
4.88125  0.13851
4.8845  0.640283
4.88775  0.416626
4.891  0.261109
4.89425  0.578902
4.8975  0.815338
4.90075  0.772631
4.904  0.175062
4.90725  0.957004
4.9105  0.937753
4.91375  0.150442
4.917  0.47856
4.92025  0.861759
4.9235  0.750227
4.92675  0.211335
4.93  0.336434
4.93325  0.500643
4.9365  0.932069
4.93975  0.265046
4.943  0.917089
4.94625  0.640124
4.9495  0.213868
4.95275  0.909697
4.956  0.106796
4.95925  0.932224
4.9625  0.456861
4.96575  0.775271
4.969  0.236424
4.97225  0.957047
4.9755  0.701511
4.97875  0.188561
4.982  0.917667
4.98525  0.477919
4.9885  0.550558
4.99175  0.476992
4.995  0.604462
4.99825  0.670182
5.0015  0.935502
5.00475  0.805479
5.008  0.910802
5.01125  0.778752
5.0145  0.651391
5.01775  0.184989
5.021  0.680812
5.02425  0.189533
5.0275  0.131417
5.03075  0.791782
5.034  0.132
5.03725  0.383717
5.0405  0.353953
5.04375  0.139312
5.047  0.112323
5.05025  0.933715
5.0535  0.944832
5.05675  0.915295
5.06  0.419894
5.06325  0.220236
5.0665  0.212299
5.06975  0.900466
5.073  0.914619
5.07625  0.342476
5.0795  0.470214
5.08275  0.998002
5.086  0.804388
5.08925  0.565828
5.0925  0.698613
5.09575  0.805602
5.099  0.78153
5.10225  0.684492
5.1055  0.552429
5.10875  0.461865
5.112  0.541198
5.11525  0.704821
5.1185  0.648462
5.12175  0.823822
5.125  0.714977
5.12825  0.976274
5.1315  0.700596
5.13475  0.525575
5.138  0.154963
5.14125  0.942857
5.1445  0.385622
5.14775  0.58017
5.151  0.235748
5.15425  0.756788
5.1575  0.828028
5.16075  0.532325
5.164  0.770457
5.16725  0.136928
5.1705  0.866193
5.17375  0.181549
5.177  0.127741
5.18025  0.358056
5.1835  0.181893
5.18675  0.18985
5.19  0.239643
5.19325  0.157099
5.1965  0.663147
5.19975  0.287901
5.203  0.929567
5.20625  0.408544
5.2095  0.74018
5.21275  0.206156
5.216  0.985316
5.21925  0.924934
5.2225  0.644473
5.22575  0.454513
5.229  0.492133
5.23225  0.163682
5.2355  0.632412
5.23875  0.106069
5.242  0.904047
5.24525  0.362266
5.2485  0.309746
5.25175  0.70364
5.255  0.573116
5.25825  0.673462
5.2615  0.457581
5.26475  0.882539
5.268  0.971293
5.27125  0.352022
5.2745  0.659035
5.27775  0.761473
5.281  0.258758
5.28425  0.443451
5.2875  0.202028
5.29075  0.600954
5.294  0.288542
5.29725  0.748104
5.3005  0.462425
5.30375  0.65821
5.307  0.717726
5.31025  0.356036
5.3135  0.107247
5.31675  0.337658
5.32  0.432941
5.32325  0.443516
5.3265  0.762587
5.32975  0.910762
5.333  0.2322
5.33625  0.180497
5.3395  0.41422
5.34275  0.0950743
5.346  0.237966
5.34925  0.154288
5.3525  0.164767
5.35575  0.166693
5.359  0.243164
5.36225  0.265942
5.3655  0.186837
5.36875  0.841929
5.372  0.161132
5.37525  0.502921
5.3785  0.179899
5.38175  0.569388
5.385  0.210602
5.38825  0.932739
5.3915  0.699276
5.39475  0.55754
5.398  0.180048
5.40125  0.319163
5.4045  0.956469
5.40775  0.56919
5.411  0.650091
5.41425  0.134088
5.4175  0.894196
5.42075  0.620819
5.424  0.76959
5.42725  0.161593
5.4305  0.97456
5.43375  0.645225
5.437  0.897067
5.44025  0.299249
5.4435  0.182196
5.44675  0.550082
5.45  0.80329
5.45325  0.262053
5.4565  0.490934
5.45975  0.719407
5.463  0.460988
5.46625  0.194985
5.4695  0.762668
5.47275  0.324323
5.476  0.437289
5.47925  0.859398
5.4825  0.143267
5.48575  0.92641
5.489  0.820811
5.49225  0.664348
5.4955  0.665865
5.49875  0.907164
5.502  0.82282
5.50525  0.765241
5.5085  0.442203
5.51175  0.248853
5.515  0.261148
5.51825  0.764122
5.5215  0.967191
5.52475  0.166157
5.528  0.631486
5.53125  0.165375
5.5345  0.115658
5.53775  0.760985
5.541  0.131045
5.54425  0.896076
5.5475  0.712157
5.55075  0.202664
5.554  0.54366
5.55725  0.86395
5.5605  0.335347
5.56375  0.629421
5.567  0.958034
5.57025  0.970539
5.5735  0.977515
5.57675  0.404877
5.58  0.31449
5.58325  0.913484
5.5865  0.212631
5.58975  0.670777
5.593  0.822888
5.59625  0.754847
5.5995  0.426736
5.60275  0.16959
5.606  0.577994
5.60925  0.278217
5.6125  0.280329
5.61575  0.204612
5.619  0.912783
5.62225  0.782828
5.6255  0.671727
5.62875  0.253886
5.632  0.619271
5.63525  0.120611
5.6385  0.165537
5.64175  0.158114
5.645  0.24202
5.64825  0.977993
5.6515  0.849552
5.65475  0.0961918
5.658  0.332171
5.66125  0.115117
5.6645  0.148269
5.66775  0.0960935
5.671  0.927508
5.67425  0.846478
5.6775  0.569012
5.68075  0.50056
5.684  0.533958
5.68725  0.924591
5.6905  0.616877
5.69375  0.850733
5.697  0.461325
5.70025  0.376471
5.7035  0.873592
5.70675  0.251243
5.71  0.659156
5.71325  0.148168
5.7165  0.591755
5.71975  0.792353
5.723  0.310808
5.72625  0.688423
5.7295  0.932295
5.73275  0.402003
5.736  0.878028
5.73925  0.15921
5.7425  0.654585
5.74575  0.163013
5.749  0.668106
5.75225  0.967047
5.7555  0.153293
5.75875  0.967355
5.762  0.84644
5.76525  0.16134
5.7685  0.272823
5.77175  0.399077
5.775  0.239242
5.77825  0.285919
5.7815  0.424274
5.78475  0.16773
5.788  0.127882
5.79125  0.833219
5.7945  0.458338
5.79775  0.115113
5.801  0.661975
5.80425  0.894149
5.8075  0.479745
5.81075  0.197584
5.814  0.432954
5.81725  0.226557
5.8205  0.872328
5.82375  0.808422
5.827  0.76596
5.83025  0.134117
5.8335  0.145616
5.83675  0.30892
5.84  0.442592
5.84325  0.165924
5.8465  0.666574
5.84975  0.166155
5.853  0.202142
5.85625  0.757044
5.8595  0.347632
5.86275  0.379795
5.866  0.186315
5.86925  0.586161
5.8725  0.127057
5.87575  0.383159
5.879  0.37388
5.88225  0.506114
5.8855  0.498652
5.88875  0.855576
5.892  0.156803
5.89525  0.658466
5.8985  0.122957
5.90175  0.732903
5.905  0.158592
5.90825  0.372545
5.9115  0.8185
5.91475  0.358749
5.918  0.955427
5.92125  0.115873
5.9245  0.53117
5.92775  0.999784
5.931  0.107809
5.93425  0.352737
5.9375  0.882285
5.94075  0.148394
5.944  0.60953
5.94725  0.340142
5.9505  0.881658
5.95375  0.788117
5.957  0.258959
5.96025  0.924479
5.9635  0.318444
5.96675  0.857884
5.97  0.541848
5.97325  0.954433
5.9765  0.293423
5.97975  0.938839
5.983  0.509053
5.98625  0.277372
5.9895  0.148425
5.99275  0.218149
5.996  0.834306
5.99925  0.120229
6.0025  0.306072
6.00575  0.896865
6.009  0.195874
6.01225  0.236985
6.0155  0.882695
6.01875  0.216141
6.022  0.363772
6.02525  0.123605
6.0285  0.843635
6.03175  0.118201
6.035  0.159763
6.03825  0.130345
6.0415  0.232714
6.04475  0.875333
6.048  0.295776
6.05125  0.735916
6.0545  0.215579
6.05775  0.52661
6.061  0.17143
6.06425  0.392814
6.0675  0.608079
6.07075  0.141796
6.074  0.862332
6.07725  0.213289
6.0805  0.689348
6.08375  0.953008
6.087  0.575259
6.09025  0.152502
6.0935  0.138503
6.09675  0.971345
6.1  0.612932
6.10325  0.961828
6.1065  0.702437
6.10975  0.847456
6.113  0.771354
6.11625  0.144839
6.1195  0.376035
6.12275  0.211906
6.126  0.451252
6.12925  0.281008
6.1325  0.700836
6.13575  0.198918
6.139  0.972729
6.14225  0.933656
6.1455  0.876594
6.14875  0.23169
6.152  0.780321
6.15525  0.268912
6.1585  0.679599
6.16175  0.600065
6.165  0.164326
6.16825  0.697405
6.1715  0.438812
6.17475  0.898942
6.178  0.92742
6.18125  0.996489
6.1845  0.979042
6.18775  0.145777
6.191  0.137758
6.19425  0.948036
6.1975  0.219995
6.20075  0.799978
6.204  0.378582
6.20725  0.919349
6.2105  0.862034
6.21375  0.865315
6.217  0.83995
6.22025  0.872792
6.2235  0.251135
6.22675  0.306411
6.23  0.870329
6.23325  0.267132
6.2365  0.728265
6.23975  0.352508
6.243  0.855974
6.24625  0.960893
6.2495  0.423631
6.25275  0.894496
6.256  0.951376
6.25925  0.639745
6.2625  0.837789
6.26575  0.198439
6.269  0.346727
6.27225  0.485581
6.2755  0.145471
6.27875  0.959205
6.282  0.130337
6.28525  0.165723
6.2885  0.422087
6.29175  0.751522
6.295  0.711384
6.29825  0.572941
6.3015  0.365177
6.30475  0.636932
6.308  0.149243
6.31125  0.3237
6.3145  0.142217
6.31775  0.86581
6.321  0.457418
6.32425  0.620155
6.3275  0.19133
6.33075  0.154373
6.334  0.958797
6.33725  0.871109
6.3405  0.444041
6.34375  0.210439
6.347  0.585073
6.35025  0.431891
6.3535  0.430524
6.35675  0.136099
6.36  0.716193
6.36325  0.536838
6.3665  0.946991
6.36975  0.639213
6.373  0.19614
6.37625  0.34445
6.3795  0.961132
6.38275  0.507994
6.386  0.871075
6.38925  0.522965
6.3925  0.789783
6.39575  0.265556
6.399  0.12819
6.40225  0.915841
6.4055  0.892909
6.40875  0.758852
6.412  0.829427
6.41525  0.740454
6.4185  0.222635
6.42175  0.408479
6.425  0.332691
6.42825  0.667354
6.4315  0.510169
6.43475  0.904002
6.438  0.824157
6.44125  0.30493
6.4445  0.153831
6.44775  0.10481
6.451  0.925095
6.45425  0.172935
6.4575  0.520127
6.46075  0.268215
6.464  0.356245
6.46725  0.449937
6.4705  0.378478
6.47375  0.879867
6.477  0.894161
6.48025  0.217758
6.4835  0.499585
6.48675  0.963627
6.49  0.993482
6.49325  0.95191
6.4965  0.981395
6.49975  0.29068
6.503  0.480563
6.50625  0.186574
6.5095  0.390992
6.51275  0.805244
6.516  0.468233
6.51925  0.18335
6.5225  0.796321
6.52575  0.397288
6.529  0.735454
6.53225  0.797096
6.5355  0.893098
6.53875  0.476929
6.542  0.11636
6.54525  0.220041
6.5485  0.876367
6.55175  0.671728
6.555  0.147028
6.55825  0.443492
6.5615  0.933861
6.56475  0.196613
6.568  0.917177
6.57125  0.660838
6.5745  0.34852
6.57775  0.723023
6.581  0.354951
6.58425  0.580582
6.5875  0.262053
6.59075  0.543028
6.594  0.959488
6.59725  0.954539
6.6005  0.558893
6.60375  0.9253
6.607  0.228506
6.61025  0.160675
6.6135  0.169722
6.61675  0.949824
6.62  0.374723
6.62325  0.935701
6.6265  0.292333
6.62975  0.428602
6.633  0.374227
6.63625  0.174705
6.6395  0.368796
6.64275  0.819055
6.646  0.154891
6.64925  0.891727
6.6525  0.250283
6.65575  0.106292
6.659  0.171359
6.66225  0.0872196
6.6655  0.171393
6.66875  0.619493
6.672  0.296116
6.67525  0.159057
6.6785  0.309715
6.68175  0.185447
6.685  0.702088
6.68825  0.524787
6.6915  0.392116
6.69475  0.393051
6.698  0.532657
6.70125  0.740555
6.7045  0.543735
6.70775  0.10591
6.711  0.770008
6.71425  0.246623
6.7175  0.770197
6.72075  0.115516
6.724  0.797107
6.72725  0.463238
6.7305  0.887199
6.73375  0.728282
6.737  0.934485
6.74025  0.555244
6.7435  0.146491
6.74675  0.327756
6.75  0.797757
6.75325  0.166321
6.7565  0.853782
6.75975  0.874115
6.763  0.635863
6.76625  0.985251
6.7695  0.526012
6.77275  0.408156
6.776  0.498754
6.77925  0.393753
6.7825  0.894293
6.78575  0.331167
6.789  0.782167
6.79225  0.961743
6.7955  0.124426
6.79875  0.458291
6.802  0.493641
6.80525  0.941505
6.8085  0.902555
6.81175  0.314777
6.815  0.572063
6.81825  0.288128
6.8215  0.313157
6.82475  0.482187
6.828  0.665739
6.83125  0.934912
6.8345  0.980369
6.83775  0.306575
6.841  0.864844
6.84425  0.210274
6.8475  0.765325
6.85075  0.588369
6.854  0.851041
6.85725  0.455271
6.8605  0.199268
6.86375  0.902667
6.867  0.573556
6.87025  0.976827
6.8735  0.191218
6.87675  0.921789
6.88  0.837468
6.88325  0.842291
6.8865  0.223026
6.88975  0.130982
6.893  0.207555
6.89625  0.904279
6.8995  0.826091
6.90275  0.750704
6.906  0.150205
6.90925  0.394161
6.9125  0.168682
6.91575  0.74709
6.919  0.283919
6.92225  0.45468
6.9255  0.244361
6.92875  0.872763
6.932  0.282665
6.93525  0.84422
6.9385  0.456952
6.94175  0.307288
6.945  0.333036
6.94825  0.806169
6.9515  0.55561
6.95475  0.800334
6.958  0.891644
6.96125  0.981274
6.9645  0.906246
6.96775  0.869207
6.971  0.378295
6.97425  0.697288
6.9775  0.675597
6.98075  0.888977
6.984  0.92289
6.98725  0.265518
6.9905  0.941897
6.99375  0.891463
6.997  0.111829
7.00025  0.975227
7.0035  0.850513
7.00675  0.420157
7.01  0.119766
7.01325  0.474612
7.0165  0.947579
7.01975  0.307368
7.023  0.315203
7.02625  0.871207
7.0295  0.405359
7.03275  0.157702
7.036  0.926766
7.03925  0.619158
7.0425  0.885142
7.04575  0.121608
7.049  0.660013
7.05225  0.95258
7.0555  0.839266
7.05875  0.138175
7.062  0.809527
7.06525  0.379688
7.0685  0.114054
7.07175  0.753878
7.075  0.405417
7.07825  0.726632
7.0815  0.461943
7.08475  0.860232
7.088  0.921968
7.09125  0.531374
7.0945  0.834904
7.09775  0.3125
7.101  0.95923
7.10425  0.565388
7.1075  0.592665
7.11075  0.71523
7.114  0.501801
7.11725  0.90637
7.1205  0.37222
7.12375  0.914781
7.127  0.528881
7.13025  0.148352
7.1335  0.227726
7.13675  0.143703
7.14  0.248135
7.14325  0.184263
7.1465  0.934149
7.14975  0.179578
7.153  0.976766
7.15625  0.693606
7.1595  0.41673
7.16275  0.27214
7.166  0.192306
7.16925  0.200797
7.1725  0.534499
7.17575  0.740818
7.179  0.275478
7.18225  0.676602
7.1855  0.468838
7.18875  0.37253
7.192  0.786705
7.19525  0.949047
7.1985  0.655377
7.20175  0.201427
7.205  0.965422
7.20825  0.939686
7.2115  0.759025
7.21475  0.195987
7.218  0.33339
7.22125  0.185488
7.2245  0.182903
7.22775  0.891712
7.231  0.956736
7.23425  0.183129
7.2375  0.496999
7.24075  0.621355
7.244  0.57893
7.24725  0.83522
7.2505  0.896728
7.25375  0.72428
7.257  0.6194
7.26025  0.527078
7.2635  0.131703
7.26675  0.346778
7.27  0.155837
7.27325  0.206292
7.2765  0.586016
7.27975  0.139449
7.283  0.903966
7.28625  0.200117
7.2895  0.164443
7.29275  0.484026
7.296  0.964714
7.29925  0.879503
7.3025  0.915196
7.30575  0.329068
7.309  0.79929
7.31225  0.40347
7.3155  0.938778
7.31875  0.93578
7.322  0.857428
7.32525  0.413129
7.3285  0.11198
7.33175  0.472654
7.335  0.0941748
7.33825  0.527992
7.3415  0.381196
7.34475  0.91939
7.348  0.19513
7.35125  0.120647
7.3545  0.948172
7.35775  0.947143
7.361  0.146066
7.36425  0.885558
7.3675  0.749624
7.37075  0.391817
7.374  0.271254
7.37725  0.113466
7.3805  0.510918
7.38375  0.392137
7.387  0.122896
7.39025  0.830277
7.3935  0.268818
7.39675  0.29765
7.4  0.249187
7.40325  0.978103
7.4065  0.962035
7.40975  0.261843
7.413  0.706985
7.41625  0.15937
7.4195  0.906424
7.42275  0.531851
7.426  0.30473
7.42925  0.740228
7.4325  0.827543
7.43575  0.589565
7.439  0.0988945
7.44225  0.869028
7.4455  0.229467
7.44875  0.92881
7.452  0.14521
7.45525  0.290207
7.4585  0.933509
7.46175  0.847091
7.465  0.595823
7.46825  0.182593
7.4715  0.365248
7.47475  0.395611
7.478  0.300951
7.48125  0.761431
7.4845  0.640942
7.48775  0.676471
7.491  0.937312
7.49425  0.811486
7.4975  0.807115
7.50075  0.987038
7.504  0.590581
7.50725  0.844704
7.5105  0.158849
7.51375  0.725012
7.517  0.988414
7.52025  0.376119
7.5235  0.344761
7.52675  0.736277
7.53  0.261899
7.53325  0.356297
7.5365  0.60133
7.53975  0.843559
7.543  0.502661
7.54625  0.7605
7.5495  0.644107
7.55275  0.360693
7.556  0.763049
7.55925  0.137016
7.5625  0.801102
7.56575  0.12709
7.569  0.146753
7.57225  0.469507
7.5755  0.704202
7.57875  0.732314
7.582  0.313139
7.58525  0.801136
7.5885  0.175214
7.59175  0.535533
7.595  0.204589
7.59825  0.128708
7.6015  0.472541
7.60475  0.247832
7.608  0.933694
7.61125  0.642631
7.6145  0.666836
7.61775  0.929785
7.621  0.270748
7.62425  0.610257
7.6275  0.299707
7.63075  0.133635
7.634  0.53182
7.63725  0.948503
7.6405  0.163694
7.64375  0.826311
7.647  0.95368
7.65025  0.895657
7.6535  0.921726
7.65675  0.206271
7.66  0.265099
7.66325  0.930122
7.6665  0.731556
7.66975  0.192887
7.673  0.26618
7.67625  0.976631
7.6795  0.334452
7.68275  0.943225
7.686  0.851912
7.68925  0.91355
7.6925  0.680068
7.69575  0.536298
7.699  0.891096
7.70225  0.723164
7.7055  0.275569
7.70875  0.903822
7.712  0.475746
7.71525  0.404691
7.7185  0.12052
7.72175  0.787605
7.725  0.61951
7.72825  0.55825
7.7315  0.179864
7.73475  0.901192
7.738  0.927661
7.74125  0.116376
7.7445  0.301254
7.74775  0.107823
7.751  0.777177
7.75425  0.972933
7.7575  0.905867
7.76075  0.18639
7.764  0.920041
7.76725  0.151696
7.7705  0.757335
7.77375  0.285095
7.777  0.857817
7.78025  0.267143
7.7835  0.888248
7.78675  0.663134
7.79  0.256742
7.79325  0.934915
7.7965  0.211766
7.79975  0.880464
7.803  0.778003
7.80625  0.73033
7.8095  0.232477
7.81275  0.3278
7.816  0.92443
7.81925  0.925814
7.8225  0.204948
7.82575  0.350606
7.829  0.776209
7.83225  0.928808
7.8355  0.29767
7.83875  0.945111
7.842  0.743123
7.84525  0.921464
7.8485  0.304409
7.85175  0.686759
7.855  0.503424
7.85825  0.33499
7.8615  0.914722
7.86475  0.910995
7.868  0.686053
7.87125  0.820131
7.8745  0.635045
7.87775  0.345224
7.881  0.108126
7.88425  0.593149
7.8875  0.264315
7.89075  0.152663
7.894  0.938575
7.89725  0.872134
7.9005  0.918044
7.90375  0.851649
7.907  0.914732
7.91025  0.747485
7.9135  0.44933
7.91675  0.963866
7.92  0.917437
7.92325  0.792412
7.9265  0.91496
7.92975  0.42787
7.933  0.594231
7.93625  0.490744
7.9395  0.369171
7.94275  0.151195
7.946  0.374725
7.94925  0.249474
7.9525  0.0948107
7.95575  0.107122
7.959  0.858443
7.96225  0.354228
7.9655  0.762627
7.96875  0.871595
7.972  0.872848
7.97525  0.352468
7.9785  0.852831
7.98175  0.417009
7.985  0.849639
7.98825  0.905211
7.9915  0.281956
7.99475  0.778875
7.998  0.498789
8.00125  0.378248
8.0045  0.924621
8.00775  0.484686
8.011  0.486944
8.01425  0.909916
8.0175  0.741547
8.02075  0.961492
8.024  0.465378
8.02725  0.724
8.0305  0.888313
8.03375  0.77674
8.037  0.906299
8.04025  0.154131
8.0435  0.971256
8.04675  0.717958
8.05  0.858051
8.05325  0.922022
8.0565  0.333893
8.05975  0.483553
8.063  0.585439
8.06625  0.295947
8.0695  0.615292
8.07275  0.825949
8.076  0.889615
8.07925  0.75348
8.0825  0.364536
8.08575  0.150329
8.089  0.642648
8.09225  0.296211
8.0955  0.608057
8.09875  0.768257
8.102  0.978361
8.10525  0.88995
8.1085  0.169395
8.11175  0.691355
8.115  0.899134
8.11825  0.878853
8.1215  0.726376
8.12475  0.26962
8.128  0.65622
8.13125  0.786887
8.1345  0.94848
8.13775  0.143732
8.141  0.305701
8.14425  0.693032
8.1475  0.738608
8.15075  0.94108
8.154  0.946633
8.15725  0.736315
8.1605  0.215333
8.16375  0.703179
8.167  0.308448
8.17025  0.126936
8.1735  0.312767
8.17675  0.489586
8.18  0.164688
8.18325  0.832175
8.1865  0.93638
8.18975  0.267485
8.193  0.79395
8.19625  0.263116
8.1995  0.904535
8.20275  0.178374
8.206  0.197553
8.20925  0.303818
8.2125  0.280738
8.21575  0.836912
8.219  0.305844
8.22225  0.280227
8.2255  0.168845
8.22875  0.756015
8.232  0.820451
8.23525  0.344604
8.2385  0.414089
8.24175  0.197498
8.245  0.419519
8.24825  0.587845
8.2515  0.720314
8.25475  0.713055
8.258  0.138609
8.26125  0.930894
8.2645  0.765353
8.26775  0.945548
8.271  0.131564
8.27425  0.969376
8.2775  0.183053
8.28075  0.263201
8.284  0.242951
8.28725  0.131291
8.2905  0.963643
8.29375  0.762799
8.297  0.950942
8.30025  0.922226
8.3035  0.528664
8.30675  0.963795
8.31  0.431006
8.31325  0.308195
8.3165  0.597844
8.31975  0.971858
8.323  0.692889
8.32625  0.725026
8.3295  0.675922
8.33275  0.775302
8.336  0.217459
8.33925  0.464949
8.3425  0.0938313
8.34575  0.708719
8.349  0.594037
8.35225  0.148794
8.3555  0.863968
8.35875  0.418462
8.362  0.63801
8.36525  0.150421
8.3685  0.763778
8.37175  0.230811
8.375  0.227781
8.37825  0.938953
8.3815  0.935347
8.38475  0.14425
8.388  0.178983
8.39125  0.630145
8.3945  0.636346
8.39775  0.612923
8.401  0.963438
8.40425  0.18175
8.4075  0.309284
8.41075  0.125293
8.414  0.109007
8.41725  0.247196
8.4205  0.483488
8.42375  0.777126
8.427  0.13602
8.43025  0.727986
8.4335  0.919767
8.43675  0.346729
8.44  0.904399
8.44325  0.874656
8.4465  0.951581
8.44975  0.213816
8.453  0.754671
8.45625  0.420616
8.4595  0.944842
8.46275  0.470345
8.466  0.7428
8.46925  0.558581
8.4725  0.217379
8.47575  0.676935
8.479  0.793103
8.48225  0.432855
8.4855  0.315016
8.48875  0.929757
8.492  0.155348
8.49525  0.121667
8.4985  0.991704
8.50175  0.7281
8.505  0.233099
8.50825  0.736391
8.5115  0.941793
8.51475  0.808897
8.518  0.186162
8.52125  0.142546
8.5245  0.164905
8.52775  0.362084
8.531  0.270794
8.53425  0.919884
8.5375  0.332454
8.54075  0.708245
8.544  0.168276
8.54725  0.398126
8.5505  0.13698
8.55375  0.201225
8.557  0.726416
8.56025  0.172735
8.5635  0.581289
8.56675  0.82931
8.57  0.604384
8.57325  0.261765
8.5765  0.198683
8.57975  0.218116
8.583  0.979184
8.58625  0.847991
8.5895  0.352248
8.59275  0.517025
8.596  0.371289
8.59925  0.191933
8.6025  0.678065
8.60575  0.22724
8.609  0.337362
8.61225  0.526157
8.6155  0.129927
8.61875  0.447079
8.622  0.372907
8.62525  0.48089
8.6285  0.765895
8.63175  0.264223
8.635  0.886759
8.63825  0.33871
8.6415  0.896584
8.64475  0.213829
8.648  0.917493
8.65125  0.824289
8.6545  0.625956
8.65775  0.222177
8.661  0.335162
8.66425  0.24407
8.6675  0.963575
8.67075  0.118316
8.674  0.685249
8.67725  0.281009
8.6805  0.910469
8.68375  0.407982
8.687  0.958429
8.69025  0.563755
8.6935  0.167339
8.69675  0.958549
8.7  0.92809
8.70325  0.606381
8.7065  0.945777
8.70975  0.155893
8.713  0.207585
8.71625  0.667356
8.7195  0.483268
8.72275  0.192243
8.726  0.243871
8.72925  0.606864
8.7325  0.149214
8.73575  0.122037
8.739  0.721961
8.74225  0.625947
8.7455  0.0914298
8.74875  0.310646
8.752  0.190223
8.75525  0.268385
8.7585  0.153114
8.76175  0.280938
8.765  0.559976
8.76825  0.848115
8.7715  0.274177
8.77475  0.0871747
8.778  0.737399
8.78125  0.58803
8.7845  0.41435
8.78775  0.219859
8.791  0.954057
8.79425  0.185702
8.7975  0.755712
8.80075  0.878435
8.804  0.971819
8.80725  0.243559
8.8105  0.109673
8.81375  0.734265
8.817  0.392381
8.82025  0.840536
8.8235  0.718959
8.82675  0.77272
8.83  0.177688
8.83325  0.132179
8.8365  0.865314
8.83975  0.322501
8.843  0.133353
8.84625  0.727978
8.8495  0.596575
8.85275  0.857079
8.856  0.154073
8.85925  0.761986
8.8625  0.0882044
8.86575  0.859546
8.869  0.929885
8.87225  0.189157
8.8755  0.589888
8.87875  0.908842
8.882  0.781691
8.88525  0.484739
8.8885  0.94177
8.89175  0.796593
8.895  0.75698
8.89825  0.789899
8.9015  0.192851
8.90475  0.372012
8.908  0.653685
8.91125  0.483159
8.9145  0.445804
8.91775  0.959861
8.921  0.168797
8.92425  0.825384
8.9275  0.484825
8.93075  0.915888
8.934  0.8382
8.93725  0.64886
8.9405  0.552886
8.94375  0.251788
8.947  0.920742
8.95025  0.858759
8.9535  0.326207
8.95675  0.52509
8.96  0.134232
8.96325  0.117289
8.9665  0.39222
8.96975  0.50313
8.973  0.426768
8.97625  0.94538
8.9795  0.632022
8.98275  0.333246
8.986  0.420969
8.98925  0.94167
8.9925  0.158463
8.99575  0.187584
8.999  0.938391
9.00225  0.807386
9.0055  0.502254
9.00875  0.928798
9.012  0.113786
9.01525  0.562629
9.0185  0.796567
9.02175  0.963531
9.025  0.702831
9.02825  0.573866
9.0315  0.918657
9.03475  0.12088
9.038  0.155007
9.04125  0.862515
9.0445  0.132318
9.04775  0.112436
9.051  0.145883
9.05425  0.790193
9.0575  0.819596
9.06075  0.482934
9.064  0.953577
9.06725  0.583696
9.0705  0.158753
9.07375  0.43578
9.077  0.399372
9.08025  0.935072
9.0835  0.292041
9.08675  0.857025
9.09  0.911007
9.09325  0.927927
9.0965  0.14375
9.09975  0.260129
9.103  0.911053
9.10625  0.114611
9.1095  0.138715
9.11275  0.587319
9.116  0.177573
9.11925  0.144482
9.1225  0.233077
9.12575  0.436624
9.129  0.617394
9.13225  0.750942
9.1355  0.408071
9.13875  0.60095
9.142  0.185159
9.14525  0.584141
9.1485  0.796089
9.15175  0.280811
9.155  0.930054
9.15825  0.0933536
9.1615  0.541398
9.16475  0.155763
9.168  0.679682
9.17125  0.504635
9.1745  0.308574
9.17775  0.788722
9.181  0.410977
9.18425  0.103063
9.1875  0.203456
9.19075  0.56493
9.194  0.146454
9.19725  0.934561
9.2005  0.749503
9.20375  0.265103
9.207  0.696471
9.21025  0.241664
9.2135  0.284628
9.21675  0.186062
9.22  0.481715
9.22325  0.157665
9.2265  0.232147
9.22975  0.973654
9.233  0.180658
9.23625  0.343765
9.2395  0.179206
9.24275  0.856864
9.246  0.879277
9.24925  0.843211
9.2525  0.906554
9.25575  0.425967
9.259  0.927501
9.26225  0.91892
9.2655  0.470323
9.26875  0.150491
9.272  0.201022
9.27525  0.149346
9.2785  0.790811
9.28175  0.894487
9.285  0.723331
9.28825  0.718839
9.2915  0.849704
9.29475  0.568844
9.298  0.925692
9.30125  0.248411
9.3045  0.815503
9.30775  0.587646
9.311  0.206115
9.31425  0.877644
9.3175  0.34315
9.32075  0.682891
9.324  0.99011
9.32725  0.760438
9.3305  0.178299
9.33375  0.833886
9.337  0.809252
9.34025  0.483934
9.3435  0.176918
9.34675  0.573322
9.35  0.90632
9.35325  0.194249
9.3565  0.252609
9.35975  0.888075
9.363  0.982275
9.36625  0.851588
9.3695  0.751898
9.37275  0.128445
9.376  0.867175
9.37925  0.407218
9.3825  0.909534
9.38575  0.55173
9.389  0.733515
9.39225  0.15263
9.3955  0.395928
9.39875  0.164388
9.402  0.562031
9.40525  0.927888
9.4085  0.582061
9.41175  0.877756
9.415  0.390468
9.41825  0.954276
9.4215  0.827634
9.42475  0.757868
9.428  0.921711
9.43125  0.663386
9.4345  0.537876
9.43775  0.539429
9.441  0.664718
9.44425  0.267104
9.4475  0.839158
9.45075  0.914553
9.454  0.58209
9.45725  0.937912
9.4605  0.164848
9.46375  0.290695
9.467  0.157404
9.47025  0.856891
9.4735  0.66412
9.47675  0.630076
9.48  0.864757
9.48325  0.291377
9.4865  0.101953
9.48975  0.785408
9.493  0.781523
9.49625  0.900949
9.4995  0.499169
9.50275  0.931241
9.506  0.92888
9.50925  0.472906
9.5125  0.204131
9.51575  0.902835
9.519  0.927169
9.52225  0.118516
9.5255  0.699897
9.52875  0.166406
9.532  0.507949
9.53525  0.935357
9.5385  0.332137
9.54175  0.420711
9.545  0.152052
9.54825  0.432231
9.5515  0.945581
9.55475  0.125089
9.558  0.436883
9.56125  0.340245
9.5645  0.339666
9.56775  0.936224
9.571  0.91757
9.57425  0.411875
9.5775  0.675818
9.58075  0.812413
9.584  0.381735
9.58725  0.413154
9.5905  0.893219
9.59375  0.14687
9.597  0.211659
9.60025  0.926826
9.6035  0.851039
9.60675  0.243526
9.61  0.460402
9.61325  0.936372
9.6165  0.915163
9.61975  0.379915
9.623  0.830432
9.62625  0.297029
9.6295  0.169645
9.63275  0.164681
9.636  0.258806
9.63925  0.845428
9.6425  0.270971
9.64575  0.909324
9.649  0.855992
9.65225  0.960241
9.6555  0.435428
9.65875  0.959501
9.662  0.475589
9.66525  0.84995
9.6685  0.111796
9.67175  0.896922
9.675  0.409121
9.67825  0.625777
9.6815  0.901225
9.68475  0.109806
9.688  0.891077
9.69125  0.268575
9.6945  0.290689
9.69775  0.949954
9.701  0.717069
9.70425  0.163559
9.7075  0.457929
9.71075  0.678593
9.714  0.110915
9.71725  0.614371
9.7205  0.486316
9.72375  0.724582
9.727  0.406953
9.73025  0.668529
9.7335  0.425154
9.73675  0.930885
9.74  0.30254
9.74325  0.114206
9.7465  0.640869
9.74975  0.251397
9.753  0.18437
9.75625  0.220044
9.7595  0.260266
9.76275  0.574561
9.766  0.188448
9.76925  0.606947
9.7725  0.889037
9.77575  0.169574
9.779  0.177103
9.78225  0.907629
9.7855  0.960722
9.78875  0.96638
9.792  0.130999
9.79525  0.895417
9.7985  0.475283
9.80175  0.568334
9.805  0.888839
9.80825  0.916278
9.8115  0.774002
9.81475  0.492964
9.818  0.321059
9.82125  0.316856
9.8245  0.294527
9.82775  0.504756
9.831  0.161839
9.83425  0.74179
9.8375  0.905034
9.84075  0.718549
9.844  0.271371
9.84725  0.509092
9.8505  0.48083
9.85375  0.207703
9.857  0.437308
9.86025  0.818686
9.8635  0.519456
9.86675  0.701657
9.87  0.2621
9.87325  0.218402
9.8765  0.463977
9.87975  0.163062
9.883  0.539479
9.88625  0.796239
9.8895  0.879729
9.89275  0.908097
9.896  0.954481
9.89925  0.812167
9.9025  0.959388
9.90575  0.27
9.909  0.432341
9.91225  0.473824
9.9155  0.736195
9.91875  0.785851
9.922  0.535812
9.92525  0.402484
9.9285  0.750457
9.93175  0.401621
9.935  0.29616
9.93825  0.979148
9.9415  0.392839
9.94475  0.636597
9.948  0.24548
9.95125  0.13164
9.9545  0.740649
9.95775  0.905622
9.961  0.817414
9.96425  0.763803
9.9675  0.334094
9.97075  0.148129
9.974  0.193945
9.97725  0.117954
9.9805  0.929883
9.98375  0.512087
9.987  0.929919
9.99025  0.176918
9.9935  0.25434
9.99675  0.250159
