1e-05  -3.14159  4032.41
1e-05  -3.01593  4026.63
1e-05  -2.89027  4020.96
1e-05  -2.7646  4015.51
1e-05  -2.63894  4010.34
1e-05  -2.51327  4005.55
1e-05  -2.38761  4001.2
1e-05  -2.26195  3997.37
1e-05  -2.13628  3994.12
1e-05  -2.01062  3991.49
1e-05  -1.88496  3989.53
1e-05  -1.75929  3988.27
1e-05  -1.63363  3987.73
1e-05  -1.50796  3987.91
1e-05  -1.3823  3988.82
1e-05  -1.25664  3990.44
1e-05  -1.13097  3992.74
1e-05  -1.00531  3995.69
1e-05  -0.879646  3999.25
1e-05  -0.753982  4003.35
1e-05  -0.628319  4007.94
1e-05  -0.502655  4012.94
1e-05  -0.376991  4018.28
1e-05  -0.251327  4023.86
1e-05  -0.125664  4029.6
1e-05  1.11022e-15  4035.42
1e-05  0.125664  4041.21
1e-05  0.251327  4046.89
1e-05  0.376991  4052.37
1e-05  0.502655  4057.56
1e-05  0.628319  4062.38
1e-05  0.753982  4066.74
1e-05  0.879646  4070.59
1e-05  1.00531  4073.86
1e-05  1.13097  4076.5
1e-05  1.25664  4078.47
1e-05  1.3823  4079.73
1e-05  1.50796  4080.27
1e-05  1.63363  4080.07
1e-05  1.75929  4079.15
1e-05  1.88496  4077.51
1e-05  2.01062  4075.19
1e-05  2.13628  4072.21
1e-05  2.26195  4068.63
1e-05  2.38761  4064.51
1e-05  2.51327  4059.9
1e-05  2.63894  4054.89
1e-05  2.7646  4049.54
1e-05  2.89027  4043.96
1e-05  3.01593  4038.21
1.20226e-05  -3.14159  4031.2
1.20226e-05  -3.01593  4024.86
1.20226e-05  -2.89027  4018.65
1.20226e-05  -2.7646  4012.67
1.20226e-05  -2.63894  4007.01
1.20226e-05  -2.51327  4001.76
1.20226e-05  -2.38761  3996.99
1.20226e-05  -2.26195  3992.8
1.20226e-05  -2.13628  3989.23
1.20226e-05  -2.01062  3986.35
1.20226e-05  -1.88496  3984.2
1.20226e-05  -1.75929  3982.82
1.20226e-05  -1.63363  3982.22
1.20226e-05  -1.50796  3982.42
1.20226e-05  -1.3823  3983.42
1.20226e-05  -1.25664  3985.19
1.20226e-05  -1.13097  3987.71
1.20226e-05  -1.00531  3990.95
1.20226e-05  -0.879646  3994.85
1.20226e-05  -0.753982  3999.35
1.20226e-05  -0.628319  4004.38
1.20226e-05  -0.502655  4009.86
1.20226e-05  -0.376991  4015.7
1.20226e-05  -0.251327  4021.83
1.20226e-05  -0.125664  4028.12
1.20226e-05  1.11022e-15  4034.5
1.20226e-05  0.125664  4040.85
1.20226e-05  0.251327  4047.08
1.20226e-05  0.376991  4053.09
1.20226e-05  0.502655  4058.78
1.20226e-05  0.628319  4064.06
1.20226e-05  0.753982  4068.85
1.20226e-05  0.879646  4073.07
1.20226e-05  1.00531  4076.66
1.20226e-05  1.13097  4079.55
1.20226e-05  1.25664  4081.71
1.20226e-05  1.3823  4083.09
1.20226e-05  1.50796  4083.68
1.20226e-05  1.63363  4083.47
1.20226e-05  1.75929  4082.45
1.20226e-05  1.88496  4080.66
1.20226e-05  2.01062  4078.11
1.20226e-05  2.13628  4074.84
1.20226e-05  2.26195  4070.92
1.20226e-05  2.38761  4066.39
1.20226e-05  2.51327  4061.34
1.20226e-05  2.63894  4055.84
1.20226e-05  2.7646  4049.99
1.20226e-05  2.89027  4043.86
1.20226e-05  3.01593  4037.56
1.44544e-05  -3.14159  4029.76
1.44544e-05  -3.01593  4022.81
1.44544e-05  -2.89027  4016.01
1.44544e-05  -2.7646  4009.45
1.44544e-05  -2.63894  4003.24
1.44544e-05  -2.51327  3997.49
1.44544e-05  -2.38761  3992.27
1.44544e-05  -2.26195  3987.67
1.44544e-05  -2.13628  3983.76
1.44544e-05  -2.01062  3980.6
1.44544e-05  -1.88496  3978.25
1.44544e-05  -1.75929  3976.73
1.44544e-05  -1.63363  3976.08
1.44544e-05  -1.50796  3976.3
1.44544e-05  -1.3823  3977.38
1.44544e-05  -1.25664  3979.33
1.44544e-05  -1.13097  3982.09
1.44544e-05  -1.00531  3985.64
1.44544e-05  -0.879646  3989.91
1.44544e-05  -0.753982  3994.84
1.44544e-05  -0.628319  4000.35
1.44544e-05  -0.502655  4006.36
1.44544e-05  -0.376991  4012.77
1.44544e-05  -0.251327  4019.49
1.44544e-05  -0.125664  4026.39
1.44544e-05  1.11022e-15  4033.38
1.44544e-05  0.125664  4040.35
1.44544e-05  0.251327  4047.18
1.44544e-05  0.376991  4053.77
1.44544e-05  0.502655  4060.01
1.44544e-05  0.628319  4065.8
1.44544e-05  0.753982  4071.05
1.44544e-05  0.879646  4075.68
1.44544e-05  1.00531  4079.62
1.44544e-05  1.13097  4082.79
1.44544e-05  1.25664  4085.15
1.44544e-05  1.3823  4086.67
1.44544e-05  1.50796  4087.31
1.44544e-05  1.63363  4087.08
1.44544e-05  1.75929  4085.97
1.44544e-05  1.88496  4084
1.44544e-05  2.01062  4081.2
1.44544e-05  2.13628  4077.62
1.44544e-05  2.26195  4073.31
1.44544e-05  2.38761  4068.35
1.44544e-05  2.51327  4062.81
1.44544e-05  2.63894  4056.78
1.44544e-05  2.7646  4050.36
1.44544e-05  2.89027  4043.64
1.44544e-05  3.01593  4036.74
1.7378e-05  -3.14159  4028.05
1.7378e-05  -3.01593  4020.43
1.7378e-05  -2.89027  4012.97
1.7378e-05  -2.7646  4005.78
1.7378e-05  -2.63894  3998.98
1.7378e-05  -2.51327  3992.67
1.7378e-05  -2.38761  3986.95
1.7378e-05  -2.26195  3981.91
1.7378e-05  -2.13628  3977.63
1.7378e-05  -2.01062  3974.17
1.7378e-05  -1.88496  3971.58
1.7378e-05  -1.75929  3969.92
1.7378e-05  -1.63363  3969.21
1.7378e-05  -1.50796  3969.45
1.7378e-05  -1.3823  3970.64
1.7378e-05  -1.25664  3972.77
1.7378e-05  -1.13097  3975.8
1.7378e-05  -1.00531  3979.68
1.7378e-05  -0.879646  3984.36
1.7378e-05  -0.753982  3989.77
1.7378e-05  -0.628319  3995.81
1.7378e-05  -0.502655  4002.4
1.7378e-05  -0.376991  4009.43
1.7378e-05  -0.251327  4016.78
1.7378e-05  -0.125664  4024.36
1.7378e-05  1.11022e-15  4032.02
1.7378e-05  0.125664  4039.66
1.7378e-05  0.251327  4047.15
1.7378e-05  0.376991  4054.38
1.7378e-05  0.502655  4061.22
1.7378e-05  0.628319  4067.57
1.7378e-05  0.753982  4073.33
1.7378e-05  0.879646  4078.41
1.7378e-05  1.00531  4082.72
1.7378e-05  1.13097  4086.2
1.7378e-05  1.25664  4088.79
1.7378e-05  1.3823  4090.45
1.7378e-05  1.50796  4091.16
1.7378e-05  1.63363  4090.9
1.7378e-05  1.75929  4089.68
1.7378e-05  1.88496  4087.52
1.7378e-05  2.01062  4084.45
1.7378e-05  2.13628  4080.52
1.7378e-05  2.26195  4075.8
1.7378e-05  2.38761  4070.36
1.7378e-05  2.51327  4064.28
1.7378e-05  2.63894  4057.67
1.7378e-05  2.7646  4050.63
1.7378e-05  2.89027  4043.27
1.7378e-05  3.01593  4035.7
2.0893e-05  -3.14159  4026.01
2.0893e-05  -3.01593  4017.66
2.0893e-05  -2.89027  4009.48
2.0893e-05  -2.7646  4001.6
2.0893e-05  -2.63894  3994.15
2.0893e-05  -2.51327  3987.23
2.0893e-05  -2.38761  3980.96
2.0893e-05  -2.26195  3975.44
2.0893e-05  -2.13628  3970.74
2.0893e-05  -2.01062  3966.95
2.0893e-05  -1.88496  3964.12
2.0893e-05  -1.75929  3962.3
2.0893e-05  -1.63363  3961.52
2.0893e-05  -1.50796  3961.78
2.0893e-05  -1.3823  3963.08
2.0893e-05  -1.25664  3965.42
2.0893e-05  -1.13097  3968.74
2.0893e-05  -1.00531  3972.99
2.0893e-05  -0.879646  3978.12
2.0893e-05  -0.753982  3984.05
2.0893e-05  -0.628319  3990.67
2.0893e-05  -0.502655  3997.89
2.0893e-05  -0.376991  4005.59
2.0893e-05  -0.251327  4013.66
2.0893e-05  -0.125664  4021.96
2.0893e-05  1.11022e-15  4030.37
2.0893e-05  0.125664  4038.74
2.0893e-05  0.251327  4046.96
2.0893e-05  0.376991  4054.88
2.0893e-05  0.502655  4062.38
2.0893e-05  0.628319  4069.35
2.0893e-05  0.753982  4075.67
2.0893e-05  0.879646  4081.24
2.0893e-05  1.00531  4085.96
2.0893e-05  1.13097  4089.78
2.0893e-05  1.25664  4092.62
2.0893e-05  1.3823  4094.44
2.0893e-05  1.50796  4095.22
2.0893e-05  1.63363  4094.93
2.0893e-05  1.75929  4093.59
2.0893e-05  1.88496  4091.22
2.0893e-05  2.01062  4087.85
2.0893e-05  2.13628  4083.55
2.0893e-05  2.26195  4078.37
2.0893e-05  2.38761  4072.4
2.0893e-05  2.51327  4065.74
2.0893e-05  2.63894  4058.49
2.0893e-05  2.7646  4050.76
2.0893e-05  2.89027  4042.69
2.0893e-05  3.01593  4034.4
2.51189e-05  -3.14159  4023.58
2.51189e-05  -3.01593  4014.42
2.51189e-05  -2.89027  4005.46
2.51189e-05  -2.7646  3996.83
2.51189e-05  -2.63894  3988.66
2.51189e-05  -2.51327  3981.08
2.51189e-05  -2.38761  3974.21
2.51189e-05  -2.26195  3968.15
2.51189e-05  -2.13628  3963.01
2.51189e-05  -2.01062  3958.86
2.51189e-05  -1.88496  3955.76
2.51189e-05  -1.75929  3953.76
2.51189e-05  -1.63363  3952.9
2.51189e-05  -1.50796  3953.18
2.51189e-05  -1.3823  3954.61
2.51189e-05  -1.25664  3957.17
2.51189e-05  -1.13097  3960.8
2.51189e-05  -1.00531  3965.47
2.51189e-05  -0.879646  3971.09
2.51189e-05  -0.753982  3977.58
2.51189e-05  -0.628319  3984.84
2.51189e-05  -0.502655  3992.75
2.51189e-05  -0.376991  4001.2
2.51189e-05  -0.251327  4010.04
2.51189e-05  -0.125664  4019.14
2.51189e-05  1.11022e-15  4028.36
2.51189e-05  0.125664  4037.54
2.51189e-05  0.251327  4046.55
2.51189e-05  0.376991  4055.24
2.51189e-05  0.502655  4063.47
2.51189e-05  0.628319  4071.11
2.51189e-05  0.753982  4078.04
2.51189e-05  0.879646  4084.14
2.51189e-05  1.00531  4089.33
2.51189e-05  1.13097  4093.51
2.51189e-05  1.25664  4096.63
2.51189e-05  1.3823  4098.62
2.51189e-05  1.50796  4099.47
2.51189e-05  1.63363  4099.16
2.51189e-05  1.75929  4097.69
2.51189e-05  1.88496  4095.08
2.51189e-05  2.01062  4091.39
2.51189e-05  2.13628  4086.66
2.51189e-05  2.26195  4080.98
2.51189e-05  2.38761  4074.44
2.51189e-05  2.51327  4067.13
2.51189e-05  2.63894  4059.18
2.51189e-05  2.7646  4050.72
2.51189e-05  2.89027  4041.87
2.51189e-05  3.01593  4032.77
3.01995e-05  -3.14159  4020.67
3.01995e-05  -3.01593  4010.64
3.01995e-05  -2.89027  4000.82
3.01995e-05  -2.7646  3991.36
3.01995e-05  -2.63894  3982.41
3.01995e-05  -2.51327  3974.1
3.01995e-05  -2.38761  3966.57
3.01995e-05  -2.26195  3959.94
3.01995e-05  -2.13628  3954.3
3.01995e-05  -2.01062  3949.75
3.01995e-05  -1.88496  3946.35
3.01995e-05  -1.75929  3944.17
3.01995e-05  -1.63363  3943.22
3.01995e-05  -1.50796  3943.53
3.01995e-05  -1.3823  3945.1
3.01995e-05  -1.25664  3947.89
3.01995e-05  -1.13097  3951.88
3.01995e-05  -1.00531  3956.99
3.01995e-05  -0.879646  3963.15
3.01995e-05  -0.753982  3970.26
3.01995e-05  -0.628319  3978.22
3.01995e-05  -0.502655  3986.89
3.01995e-05  -0.376991  3996.14
3.01995e-05  -0.251327  4005.84
3.01995e-05  -0.125664  4015.82
3.01995e-05  1.11022e-15  4025.92
3.01995e-05  0.125664  4035.99
3.01995e-05  0.251327  4045.87
3.01995e-05  0.376991  4055.4
3.01995e-05  0.502655  4064.42
3.01995e-05  0.628319  4072.8
3.01995e-05  0.753982  4080.4
3.01995e-05  0.879646  4087.09
3.01995e-05  1.00531  4092.78
3.01995e-05  1.13097  4097.37
3.01995e-05  1.25664  4100.78
3.01995e-05  1.3823  4102.97
3.01995e-05  1.50796  4103.9
3.01995e-05  1.63363  4103.56
3.01995e-05  1.75929  4101.94
3.01995e-05  1.88496  4099.09
3.01995e-05  2.01062  4095.03
3.01995e-05  2.13628  4089.85
3.01995e-05  2.26195  4083.62
3.01995e-05  2.38761  4076.44
3.01995e-05  2.51327  4068.43
3.01995e-05  2.63894  4059.71
3.01995e-05  2.7646  4050.43
3.01995e-05  2.89027  4040.72
3.01995e-05  3.01593  4030.75
3.63078e-05  -3.14159  4017.21
3.63078e-05  -3.01593  4006.22
3.63078e-05  -2.89027  3995.45
3.63078e-05  -2.7646  3985.08
3.63078e-05  -2.63894  3975.27
3.63078e-05  -2.51327  3966.17
3.63078e-05  -2.38761  3957.92
3.63078e-05  -2.26195  3950.66
3.63078e-05  -2.13628  3944.48
3.63078e-05  -2.01062  3939.49
3.63078e-05  -1.88496  3935.77
3.63078e-05  -1.75929  3933.38
3.63078e-05  -1.63363  3932.34
3.63078e-05  -1.50796  3932.68
3.63078e-05  -1.3823  3934.39
3.63078e-05  -1.25664  3937.45
3.63078e-05  -1.13097  3941.82
3.63078e-05  -1.00531  3947.42
3.63078e-05  -0.879646  3954.16
3.63078e-05  -0.753982  3961.96
3.63078e-05  -0.628319  3970.67
3.63078e-05  -0.502655  3980.18
3.63078e-05  -0.376991  3990.32
3.63078e-05  -0.251327  4000.95
3.63078e-05  -0.125664  4011.89
3.63078e-05  1.11022e-15  4022.97
3.63078e-05  0.125664  4034.01
3.63078e-05  0.251327  4044.84
3.63078e-05  0.376991  4055.29
3.63078e-05  0.502655  4065.19
3.63078e-05  0.628319  4074.37
3.63078e-05  0.753982  4082.71
3.63078e-05  0.879646  4090.05
3.63078e-05  1.00531  4096.29
3.63078e-05  1.13097  4101.32
3.63078e-05  1.25664  4105.06
3.63078e-05  1.3823  4107.46
3.63078e-05  1.50796  4108.48
3.63078e-05  1.63363  4108.1
3.63078e-05  1.75929  4106.32
3.63078e-05  1.88496  4103.19
3.63078e-05  2.01062  4098.74
3.63078e-05  2.13628  4093.06
3.63078e-05  2.26195  4086.22
3.63078e-05  2.38761  4078.35
3.63078e-05  2.51327  4069.56
3.63078e-05  2.63894  4060.01
3.63078e-05  2.7646  4049.83
3.63078e-05  2.89027  4039.19
3.63078e-05  3.01593  4028.26
4.36516e-05  -3.14159  4013.07
4.36516e-05  -3.01593  4001.02
4.36516e-05  -2.89027  3989.23
4.36516e-05  -2.7646  3977.87
4.36516e-05  -2.63894  3967.12
4.36516e-05  -2.51327  3957.15
4.36516e-05  -2.38761  3948.11
4.36516e-05  -2.26195  3940.15
4.36516e-05  -2.13628  3933.39
4.36516e-05  -2.01062  3927.92
4.36516e-05  -1.88496  3923.85
4.36516e-05  -1.75929  3921.22
4.36516e-05  -1.63363  3920.08
4.36516e-05  -1.50796  3920.46
4.36516e-05  -1.3823  3922.33
4.36516e-05  -1.25664  3925.68
4.36516e-05  -1.13097  3930.46
4.36516e-05  -1.00531  3936.59
4.36516e-05  -0.879646  3943.98
4.36516e-05  -0.753982  3952.52
4.36516e-05  -0.628319  3962.07
4.36516e-05  -0.502655  3972.49
4.36516e-05  -0.376991  3983.61
4.36516e-05  -0.251327  3995.25
4.36516e-05  -0.125664  4007.25
4.36516e-05  1.11022e-15  4019.39
4.36516e-05  0.125664  4031.5
4.36516e-05  0.251327  4043.38
4.36516e-05  0.376991  4054.83
4.36516e-05  0.502655  4065.69
4.36516e-05  0.628319  4075.76
4.36516e-05  0.753982  4084.9
4.36516e-05  0.879646  4092.95
4.36516e-05  1.00531  4099.79
4.36516e-05  1.13097  4105.31
4.36516e-05  1.25664  4109.41
4.36516e-05  1.3823  4112.04
4.36516e-05  1.50796  4113.16
4.36516e-05  1.63363  4112.74
4.36516e-05  1.75929  4110.79
4.36516e-05  1.88496  4107.35
4.36516e-05  2.01062  4102.47
4.36516e-05  2.13628  4096.23
4.36516e-05  2.26195  4088.74
4.36516e-05  2.38761  4080.1
4.36516e-05  2.51327  4070.47
4.36516e-05  2.63894  4059.99
4.36516e-05  2.7646  4048.83
4.36516e-05  2.89027  4037.16
4.36516e-05  3.01593  4025.18
5.24807e-05  -3.14159  4008.13
5.24807e-05  -3.01593  3994.93
5.24807e-05  -2.89027  3982
5.24807e-05  -2.7646  3969.55
5.24807e-05  -2.63894  3957.78
5.24807e-05  -2.51327  3946.86
5.24807e-05  -2.38761  3936.96
5.24807e-05  -2.26195  3928.24
5.24807e-05  -2.13628  3920.83
5.24807e-05  -2.01062  3914.85
5.24807e-05  -1.88496  3910.38
5.24807e-05  -1.75929  3907.51
5.24807e-05  -1.63363  3906.26
5.24807e-05  -1.50796  3906.66
5.24807e-05  -1.3823  3908.72
5.24807e-05  -1.25664  3912.39
5.24807e-05  -1.13097  3917.62
5.24807e-05  -1.00531  3924.33
5.24807e-05  -0.879646  3932.43
5.24807e-05  -0.753982  3941.78
5.24807e-05  -0.628319  3952.24
5.24807e-05  -0.502655  3963.65
5.24807e-05  -0.376991  3975.84
5.24807e-05  -0.251327  3988.61
5.24807e-05  -0.125664  4001.75
5.24807e-05  1.11022e-15  4015.07
5.24807e-05  0.125664  4028.34
5.24807e-05  0.251327  4041.37
5.24807e-05  0.376991  4053.93
5.24807e-05  0.502655  4065.83
5.24807e-05  0.628319  4076.88
5.24807e-05  0.753982  4086.9
5.24807e-05  0.879646  4095.73
5.24807e-05  1.00531  4103.23
5.24807e-05  1.13097  4109.28
5.24807e-05  1.25664  4113.78
5.24807e-05  1.3823  4116.66
5.24807e-05  1.50796  4117.88
5.24807e-05  1.63363  4117.42
5.24807e-05  1.75929  4115.28
5.24807e-05  1.88496  4111.5
5.24807e-05  2.01062  4106.15
5.24807e-05  2.13628  4099.31
5.24807e-05  2.26195  4091.08
5.24807e-05  2.38761  4081.61
5.24807e-05  2.51327  4071.05
5.24807e-05  2.63894  4059.56
5.24807e-05  2.7646  4047.32
5.24807e-05  2.89027  4034.53
5.24807e-05  3.01593  4021.4
6.30957e-05  -3.14159  4002.22
6.30957e-05  -3.01593  3987.75
6.30957e-05  -2.89027  3973.59
6.30957e-05  -2.7646  3959.95
6.30957e-05  -2.63894  3947.06
6.30957e-05  -2.51327  3935.1
6.30957e-05  -2.38761  3924.26
6.30957e-05  -2.26195  3914.71
6.30957e-05  -2.13628  3906.6
6.30957e-05  -2.01062  3900.05
6.30957e-05  -1.88496  3895.16
6.30957e-05  -1.75929  3892
6.30957e-05  -1.63363  3890.64
6.30957e-05  -1.50796  3891.08
6.30957e-05  -1.3823  3893.32
6.30957e-05  -1.25664  3897.34
6.30957e-05  -1.13097  3903.06
6.30957e-05  -1.00531  3910.42
6.30957e-05  -0.879646  3919.28
6.30957e-05  -0.753982  3929.52
6.30957e-05  -0.628319  3940.98
6.30957e-05  -0.502655  3953.49
6.30957e-05  -0.376991  3966.84
6.30957e-05  -0.251327  3980.83
6.30957e-05  -0.125664  3995.24
6.30957e-05  1.11022e-15  4009.84
6.30957e-05  0.125664  4024.39
6.30957e-05  0.251327  4038.67
6.30957e-05  0.376991  4052.45
6.30957e-05  0.502655  4065.5
6.30957e-05  0.628319  4077.62
6.30957e-05  0.753982  4088.61
6.30957e-05  0.879646  4098.29
6.30957e-05  1.00531  4106.51
6.30957e-05  1.13097  4113.14
6.30957e-05  1.25664  4118.08
6.30957e-05  1.3823  4121.24
6.30957e-05  1.50796  4122.57
6.30957e-05  1.63363  4122.06
6.30957e-05  1.75929  4119.71
6.30957e-05  1.88496  4115.56
6.30957e-05  2.01062  4109.69
6.30957e-05  2.13628  4102.18
6.30957e-05  2.26195  4093.16
6.30957e-05  2.38761  4082.78
6.30957e-05  2.51327  4071.19
6.30957e-05  2.63894  4058.59
6.30957e-05  2.7646  4045.17
6.30957e-05  2.89027  4031.16
6.30957e-05  3.01593  4016.76
7.58578e-05  -3.14159  3995.15
7.58578e-05  -3.01593  3979.3
7.58578e-05  -2.89027  3963.79
7.58578e-05  -2.7646  3948.85
7.58578e-05  -2.63894  3934.73
7.58578e-05  -2.51327  3921.63
7.58578e-05  -2.38761  3909.76
7.58578e-05  -2.26195  3899.31
7.58578e-05  -2.13628  3890.43
7.58578e-05  -2.01062  3883.26
7.58578e-05  -1.88496  3877.9
7.58578e-05  -1.75929  3874.45
7.58578e-05  -1.63363  3872.95
7.58578e-05  -1.50796  3873.43
7.58578e-05  -1.3823  3875.89
7.58578e-05  -1.25664  3880.28
7.58578e-05  -1.13097  3886.55
7.58578e-05  -1.00531  3894.59
7.58578e-05  -0.879646  3904.3
7.58578e-05  -0.753982  3915.51
7.58578e-05  -0.628319  3928.07
7.58578e-05  -0.502655  3941.76
7.58578e-05  -0.376991  3956.39
7.58578e-05  -0.251327  3971.73
7.58578e-05  -0.125664  3987.52
7.58578e-05  1.11022e-15  4003.52
7.58578e-05  0.125664  4019.48
7.58578e-05  0.251327  4035.13
7.58578e-05  0.376991  4050.24
7.58578e-05  0.502655  4064.55
7.58578e-05  0.628319  4077.84
7.58578e-05  0.753982  4089.89
7.58578e-05  0.879646  4100.51
7.58578e-05  1.00531  4109.52
7.58578e-05  1.13097  4116.79
7.58578e-05  1.25664  4122.2
7.58578e-05  1.3823  4125.66
7.58578e-05  1.50796  4127.12
7.58578e-05  1.63363  4126.55
7.58578e-05  1.75929  4123.97
7.58578e-05  1.88496  4119.42
7.58578e-05  2.01062  4112.98
7.58578e-05  2.13628  4104.74
7.58578e-05  2.26195  4094.85
7.58578e-05  2.38761  4083.46
7.58578e-05  2.51327  4070.75
7.58578e-05  2.63894  4056.94
7.58578e-05  2.7646  4042.23
7.58578e-05  2.89027  4026.87
7.58578e-05  3.01593  4011.09
9.12011e-05  -3.14159  3986.7
9.12011e-05  -3.01593  3969.33
9.12011e-05  -2.89027  3952.34
9.12011e-05  -2.7646  3935.99
9.12011e-05  -2.63894  3920.52
9.12011e-05  -2.51327  3906.18
9.12011e-05  -2.38761  3893.19
9.12011e-05  -2.26195  3881.75
9.12011e-05  -2.13628  3872.03
9.12011e-05  -2.01062  3864.18
9.12011e-05  -1.88496  3858.33
9.12011e-05  -1.75929  3854.55
9.12011e-05  -1.63363  3852.9
9.12011e-05  -1.50796  3853.43
9.12011e-05  -1.3823  3856.11
9.12011e-05  -1.25664  3860.91
9.12011e-05  -1.13097  3867.77
9.12011e-05  -1.00531  3876.57
9.12011e-05  -0.879646  3887.19
9.12011e-05  -0.753982  3899.47
9.12011e-05  -0.628319  3913.22
9.12011e-05  -0.502655  3928.22
9.12011e-05  -0.376991  3944.25
9.12011e-05  -0.251327  3961.04
9.12011e-05  -0.125664  3978.35
9.12011e-05  1.11022e-15  3995.89
9.12011e-05  0.125664  4013.38
9.12011e-05  0.251327  4030.55
9.12011e-05  0.376991  4047.11
9.12011e-05  0.502655  4062.8
9.12011e-05  0.628319  4077.38
9.12011e-05  0.753982  4090.59
9.12011e-05  0.879646  4102.23
9.12011e-05  1.00531  4112.12
9.12011e-05  1.13097  4120.09
9.12011e-05  1.25664  4126.02
9.12011e-05  1.3823  4129.81
9.12011e-05  1.50796  4131.4
9.12011e-05  1.63363  4130.78
9.12011e-05  1.75929  4127.94
9.12011e-05  1.88496  4122.95
9.12011e-05  2.01062  4115.87
9.12011e-05  2.13628  4106.84
9.12011e-05  2.26195  4095.98
9.12011e-05  2.38761  4083.49
9.12011e-05  2.51327  4069.56
9.12011e-05  2.63894  4054.41
9.12011e-05  2.7646  4038.29
9.12011e-05  2.89027  4021.45
9.12011e-05  3.01593  4004.16
0.000109648  -3.14159  3976.58
0.000109648  -3.01593  3957.56
0.000109648  -2.89027  3938.96
0.000109648  -2.7646  3921.05
0.000109648  -2.63894  3904.12
0.000109648  -2.51327  3888.43
0.000109648  -2.38761  3874.22
0.000109648  -2.26195  3861.7
0.000109648  -2.13628  3851.06
0.000109648  -2.01062  3842.48
0.000109648  -1.88496  3836.07
0.000109648  -1.75929  3831.93
0.000109648  -1.63363  3830.13
0.000109648  -1.50796  3830.7
0.000109648  -1.3823  3833.63
0.000109648  -1.25664  3838.88
0.000109648  -1.13097  3846.38
0.000109648  -1.00531  3856.01
0.000109648  -0.879646  3867.63
0.000109648  -0.753982  3881.07
0.000109648  -0.628319  3896.12
0.000109648  -0.502655  3912.54
0.000109648  -0.376991  3930.1
0.000109648  -0.251327  3948.5
0.000109648  -0.125664  3967.46
0.000109648  1.11022e-15  3986.68
0.000109648  0.125664  4005.86
0.000109648  0.251327  4024.68
0.000109648  0.376991  4042.84
0.000109648  0.502655  4060.04
0.000109648  0.628319  4076.02
0.000109648  0.753982  4090.51
0.000109648  0.879646  4103.28
0.000109648  1.00531  4114.12
0.000109648  1.13097  4122.86
0.000109648  1.25664  4129.35
0.000109648  1.3823  4133.5
0.000109648  1.50796  4135.24
0.000109648  1.63363  4134.55
0.000109648  1.75929  4131.44
0.000109648  1.88496  4125.95
0.000109648  2.01062  4118.19
0.000109648  2.13628  4108.27
0.000109648  2.26195  4096.37
0.000109648  2.38761  4082.67
0.000109648  2.51327  4067.39
0.000109648  2.63894  4050.78
0.000109648  2.7646  4033.11
0.000109648  2.89027  4014.66
0.000109648  3.01593  3995.71
0.000131826  -3.14159  3964.48
0.000131826  -3.01593  3943.65
0.000131826  -2.89027  3923.28
0.000131826  -2.7646  3903.68
0.000131826  -2.63894  3885.15
0.000131826  -2.51327  3867.99
0.000131826  -2.38761  3852.44
0.000131826  -2.26195  3838.75
0.000131826  -2.13628  3827.12
0.000131826  -2.01062  3817.73
0.000131826  -1.88496  3810.72
0.000131826  -1.75929  3806.19
0.000131826  -1.63363  3804.23
0.000131826  -1.50796  3804.84
0.000131826  -1.3823  3808.05
0.000131826  -1.25664  3813.78
0.000131826  -1.13097  3821.98
0.000131826  -1.00531  3832.51
0.000131826  -0.879646  3845.22
0.000131826  -0.753982  3859.92
0.000131826  -0.628319  3876.39
0.000131826  -0.502655  3894.37
0.000131826  -0.376991  3913.59
0.000131826  -0.251327  3933.75
0.000131826  -0.125664  3954.52
0.000131826  1.11022e-15  3975.58
0.000131826  0.125664  3996.6
0.000131826  0.251327  4017.23
0.000131826  0.376991  4037.14
0.000131826  0.502655  4056
0.000131826  0.628319  4073.52
0.000131826  0.753982  4089.41
0.000131826  0.879646  4103.41
0.000131826  1.00531  4115.29
0.000131826  1.13097  4124.87
0.000131826  1.25664  4131.98
0.000131826  1.3823  4136.53
0.000131826  1.50796  4138.43
0.000131826  1.63363  4137.66
0.000131826  1.75929  4134.24
0.000131826  1.88496  4128.22
0.000131826  2.01062  4119.7
0.000131826  2.13628  4108.82
0.000131826  2.26195  4095.76
0.000131826  2.38761  4080.74
0.000131826  2.51327  4063.98
0.000131826  2.63894  4045.78
0.000131826  2.7646  4026.41
0.000131826  2.89027  4006.18
0.000131826  3.01593  3985.43
0.000158489  -3.14159  3949.99
0.000158489  -3.01593  3927.19
0.000158489  -2.89027  3904.89
0.000158489  -2.7646  3883.45
0.000158489  -2.63894  3863.18
0.000158489  -2.51327  3844.41
0.000158489  -2.38761  3827.41
0.000158489  -2.26195  3812.44
0.000158489  -2.13628  3799.73
0.000158489  -2.01062  3789.47
0.000158489  -1.88496  3781.81
0.000158489  -1.75929  3776.86
0.000158489  -1.63363  3774.71
0.000158489  -1.50796  3775.38
0.000158489  -1.3823  3778.87
0.000158489  -1.25664  3785.14
0.000158489  -1.13097  3794.09
0.000158489  -1.00531  3805.6
0.000158489  -0.879646  3819.49
0.000158489  -0.753982  3835.57
0.000158489  -0.628319  3853.58
0.000158489  -0.502655  3873.26
0.000158489  -0.376991  3894.3
0.000158489  -0.251327  3916.37
0.000158489  -0.125664  3939.13
0.000158489  1.11022e-15  3962.21
0.000158489  0.125664  3985.23
0.000158489  0.251327  4007.84
0.000158489  0.376991  4029.67
0.000158489  0.502655  4050.35
0.000158489  0.628319  4069.56
0.000158489  0.753982  4086.98
0.000158489  0.879646  4102.32
0.000158489  1.00531  4115.35
0.000158489  1.13097  4125.85
0.000158489  1.25664  4133.64
0.000158489  1.3823  4138.62
0.000158489  1.50796  4140.7
0.000158489  1.63363  4139.85
0.000158489  1.75929  4136.08
0.000158489  1.88496  4129.47
0.000158489  2.01062  4120.12
0.000158489  2.13628  4108.18
0.000158489  2.26195  4093.86
0.000158489  2.38761  4077.38
0.000158489  2.51327  4059.01
0.000158489  2.63894  4039.05
0.000158489  2.7646  4017.82
0.000158489  2.89027  3995.66
0.000158489  3.01593  3972.93
0.000190546  -3.14159  3932.64
0.000190546  -3.01593  3907.69
0.000190546  -2.89027  3883.3
0.000190546  -2.7646  3859.84
0.000190546  -2.63894  3837.69
0.000190546  -2.51327  3817.17
0.000190546  -2.38761  3798.59
0.000190546  -2.26195  3782.24
0.000190546  -2.13628  3768.36
0.000190546  -2.01062  3757.15
0.000190546  -1.88496  3748.79
0.000190546  -1.75929  3743.38
0.000190546  -1.63363  3741.03
0.000190546  -1.50796  3741.75
0.000190546  -1.3823  3745.56
0.000190546  -1.25664  3752.4
0.000190546  -1.13097  3762.17
0.000190546  -1.00531  3774.74
0.000190546  -0.879646  3789.92
0.000190546  -0.753982  3807.49
0.000190546  -0.628319  3827.19
0.000190546  -0.502655  3848.72
0.000190546  -0.376991  3871.74
0.000190546  -0.251327  3895.9
0.000190546  -0.125664  3920.82
0.000190546  1.11022e-15  3946.09
0.000190546  0.125664  3971.32
0.000190546  0.251327  3996.1
0.000190546  0.376991  4020.02
0.000190546  0.502655  4042.69
0.000190546  0.628319  4063.75
0.000190546  0.753982  4082.84
0.000190546  0.879646  4099.67
0.000190546  1.00531  4113.95
0.000190546  1.13097  4125.45
0.000190546  1.25664  4133.99
0.000190546  1.3823  4139.44
0.000190546  1.50796  4141.7
0.000190546  1.63363  4140.76
0.000190546  1.75929  4136.61
0.000190546  1.88496  4129.35
0.000190546  2.01062  4119.09
0.000190546  2.13628  4105.99
0.000190546  2.26195  4090.28
0.000190546  2.38761  4072.2
0.000190546  2.51327  4052.07
0.000190546  2.63894  4030.19
0.000190546  2.7646  4006.93
0.000190546  2.89027  3982.66
0.000190546  3.01593  3957.76
0.000229087  -3.14159  3911.88
0.000229087  -3.01593  3884.58
0.000229087  -2.89027  3857.91
0.000229087  -2.7646  3832.27
0.000229087  -2.63894  3808.06
0.000229087  -2.51327  3785.65
0.000229087  -2.38761  3765.37
0.000229087  -2.26195  3747.52
0.000229087  -2.13628  3732.37
0.000229087  -2.01062  3720.14
0.000229087  -1.88496  3711.01
0.000229087  -1.75929  3705.11
0.000229087  -1.63363  3702.54
0.000229087  -1.50796  3703.33
0.000229087  -1.3823  3707.48
0.000229087  -1.25664  3714.94
0.000229087  -1.13097  3725.6
0.000229087  -1.00531  3739.31
0.000229087  -0.879646  3755.88
0.000229087  -0.753982  3775.08
0.000229087  -0.628319  3796.6
0.000229087  -0.502655  3820.13
0.000229087  -0.376991  3845.31
0.000229087  -0.251327  3871.75
0.000229087  -0.125664  3899.02
0.000229087  1.11022e-15  3926.7
0.000229087  0.125664  3954.34
0.000229087  0.251327  3981.48
0.000229087  0.376991  4007.69
0.000229087  0.502655  4032.54
0.000229087  0.628319  4055.62
0.000229087  0.753982  4076.55
0.000229087  0.879646  4094.99
0.000229087  1.00531  4110.64
0.000229087  1.13097  4123.24
0.000229087  1.25664  4132.6
0.000229087  1.3823  4138.56
0.000229087  1.50796  4141.03
0.000229087  1.63363  4139.97
0.000229087  1.75929  4135.42
0.000229087  1.88496  4127.44
0.000229087  2.01062  4116.17
0.000229087  2.13628  4101.8
0.000229087  2.26195  4084.56
0.000229087  2.38761  4064.74
0.000229087  2.51327  4042.67
0.000229087  2.63894  4018.69
0.000229087  2.7646  3993.21
0.000229087  2.89027  3966.63
0.000229087  3.01593  3939.37
0.000275423  -3.14159  3887.03
0.000275423  -3.01593  3857.19
0.000275423  -2.89027  3828.04
0.000275423  -2.7646  3800.04
0.000275423  -2.63894  3773.6
0.000275423  -2.51327  3749.14
0.000275423  -2.38761  3727.02
0.000275423  -2.26195  3707.56
0.000275423  -2.13628  3691.04
0.000275423  -2.01062  3677.71
0.000275423  -1.88496  3667.75
0.000275423  -1.75929  3661.32
0.000275423  -1.63363  3658.51
0.000275423  -1.50796  3659.37
0.000275423  -1.3823  3663.88
0.000275423  -1.25664  3672
0.000275423  -1.13097  3683.62
0.000275423  -1.00531  3698.57
0.000275423  -0.879646  3716.65
0.000275423  -0.753982  3737.6
0.000275423  -0.628319  3761.1
0.000275423  -0.502655  3786.81
0.000275423  -0.376991  3814.33
0.000275423  -0.251327  3843.24
0.000275423  -0.125664  3873.08
0.000275423  1.11022e-15  3903.37
0.000275423  0.125664  3933.63
0.000275423  0.251327  3963.37
0.000275423  0.376991  3992.08
0.000275423  0.502655  4019.31
0.000275423  0.628319  4044.6
0.000275423  0.753982  4067.54
0.000275423  0.879646  4087.75
0.000275423  1.00531  4104.89
0.000275423  1.13097  4118.7
0.000275423  1.25664  4128.94
0.000275423  1.3823  4135.46
0.000275423  1.50796  4138.15
0.000275423  1.63363  4136.98
0.000275423  1.75929  4131.96
0.000275423  1.88496  4123.19
0.000275423  2.01062  4110.82
0.000275423  2.13628  4095.05
0.000275423  2.26195  4076.15
0.000275423  2.38761  4054.42
0.000275423  2.51327  4030.22
0.000275423  2.63894  4003.95
0.000275423  2.7646  3976.04
0.000275423  2.89027  3946.93
0.000275423  3.01593  3917.11
0.000331131  -3.14159  3857.31
0.000331131  -3.01593  3824.7
0.000331131  -2.89027  3792.87
0.000331131  -2.7646  3762.31
0.000331131  -2.63894  3733.47
0.000331131  -2.51327  3706.81
0.000331131  -2.38761  3682.7
0.000331131  -2.26195  3661.5
0.000331131  -2.13628  3643.51
0.000331131  -2.01062  3629
0.000331131  -1.88496  3618.16
0.000331131  -1.75929  3611.16
0.000331131  -1.63363  3608.1
0.000331131  -1.50796  3609.03
0.000331131  -1.3823  3613.94
0.000331131  -1.25664  3622.77
0.000331131  -1.13097  3635.41
0.000331131  -1.00531  3651.69
0.000331131  -0.879646  3671.39
0.000331131  -0.753982  3694.22
0.000331131  -0.628319  3719.86
0.000331131  -0.502655  3747.92
0.000331131  -0.376991  3777.98
0.000331131  -0.251327  3809.57
0.000331131  -0.125664  3842.2
0.000331131  1.11022e-15  3875.34
0.000331131  0.125664  3908.46
0.000331131  0.251327  3941.01
0.000331131  0.376991  3972.46
0.000331131  0.502655  4002.29
0.000331131  0.628319  4030
0.000331131  0.753982  4055.13
0.000331131  0.879646  4077.27
0.000331131  1.00531  4096.05
0.000331131  1.13097  4111.17
0.000331131  1.25664  4122.38
0.000331131  1.3823  4129.51
0.000331131  1.50796  4132.43
0.000331131  1.63363  4131.12
0.000331131  1.75929  4125.6
0.000331131  1.88496  4115.97
0.000331131  2.01062  4102.38
0.000331131  2.13628  4085.08
0.000331131  2.26195  4064.35
0.000331131  2.38761  4040.52
0.000331131  2.51327  4014
0.000331131  2.63894  3985.23
0.000331131  2.7646  3954.67
0.000331131  2.89027  3922.81
0.000331131  3.01593  3890.19
0.000398107  -3.14159  3821.77
0.000398107  -3.01593  3786.17
0.000398107  -2.89027  3751.44
0.000398107  -2.7646  3718.12
0.000398107  -2.63894  3686.71
0.000398107  -2.51327  3657.68
0.000398107  -2.38761  3631.44
0.000398107  -2.26195  3608.39
0.000398107  -2.13628  3588.83
0.000398107  -2.01062  3573.06
0.000398107  -1.88496  3561.29
0.000398107  -1.75929  3553.68
0.000398107  -1.63363  3550.35
0.000398107  -1.50796  3551.35
0.000398107  -1.3823  3556.67
0.000398107  -1.25664  3566.26
0.000398107  -1.13097  3580
0.000398107  -1.00531  3597.7
0.000398107  -0.879646  3619.13
0.000398107  -0.753982  3643.99
0.000398107  -0.628319  3671.92
0.000398107  -0.502655  3702.52
0.000398107  -0.376991  3735.31
0.000398107  -0.251327  3769.81
0.000398107  -0.125664  3805.46
0.000398107  1.11022e-15  3841.69
0.000398107  0.125664  3877.91
0.000398107  0.251327  3913.53
0.000398107  0.376991  3947.96
0.000398107  0.502655  3980.62
0.000398107  0.628319  4010.97
0.000398107  0.753982  4038.5
0.000398107  0.879646  4062.75
0.000398107  1.00531  4083.31
0.000398107  1.13097  4099.86
0.000398107  1.25664  4112.13
0.000398107  1.3823  4119.91
0.000398107  1.50796  4123.09
0.000398107  1.63363  4121.62
0.000398107  1.75929  4115.54
0.000398107  1.88496  4104.95
0.000398107  2.01062  4090.04
0.000398107  2.13628  4071.05
0.000398107  2.26195  4048.31
0.000398107  2.38761  4022.2
0.000398107  2.51327  3993.15
0.000398107  2.63894  3961.64
0.000398107  2.7646  3928.19
0.000398107  2.89027  3893.35
0.000398107  3.01593  3857.69
0.00047863  -3.14159  3779.3
0.00047863  -3.01593  3740.48
0.00047863  -2.89027  3702.64
0.00047863  -2.7646  3666.36
0.00047863  -2.63894  3632.2
0.00047863  -2.51327  3600.64
0.00047863  -2.38761  3572.14
0.00047863  -2.26195  3547.11
0.00047863  -2.13628  3525.9
0.00047863  -2.01062  3508.79
0.00047863  -1.88496  3496.03
0.00047863  -1.75929  3487.78
0.00047863  -1.63363  3484.16
0.00047863  -1.50796  3485.24
0.00047863  -1.3823  3491.01
0.00047863  -1.25664  3501.4
0.00047863  -1.13097  3516.3
0.00047863  -1.00531  3535.51
0.00047863  -0.879646  3558.78
0.00047863  -0.753982  3585.8
0.00047863  -0.628319  3616.19
0.00047863  -0.502655  3649.5
0.00047863  -0.376991  3685.23
0.00047863  -0.251327  3722.85
0.00047863  -0.125664  3761.75
0.00047863  1.11022e-15  3801.33
0.00047863  0.125664  3840.92
0.00047863  0.251327  3879.87
0.00047863  0.376991  3917.54
0.00047863  0.502655  3953.28
0.00047863  0.628319  3986.5
0.00047863  0.753982  4016.64
0.00047863  0.879646  4043.18
0.00047863  1.00531  4065.7
0.00047863  1.13097  4083.81
0.00047863  1.25664  4097.22
0.00047863  1.3823  4105.71
0.00047863  1.50796  4109.16
0.00047863  1.63363  4107.52
0.00047863  1.75929  4100.82
0.00047863  1.88496  4089.18
0.00047863  2.01062  4072.8
0.00047863  2.13628  4051.97
0.00047863  2.26195  4027.04
0.00047863  2.38761  3998.42
0.00047863  2.51327  3966.6
0.00047863  2.63894  3932.11
0.00047863  2.7646  3895.53
0.00047863  2.89027  3857.45
0.00047863  3.01593  3818.49
0.00057544  -3.14159  3728.6
0.00057544  -3.01593  3686.32
0.00057544  -2.89027  3645.17
0.00057544  -2.7646  3605.75
0.00057544  -2.63894  3568.65
0.00057544  -2.51327  3534.42
0.00057544  -2.38761  3503.54
0.00057544  -2.26195  3476.44
0.00057544  -2.13628  3453.48
0.00057544  -2.01062  3434.97
0.00057544  -1.88496  3421.17
0.00057544  -1.75929  3412.25
0.00057544  -1.63363  3408.33
0.00057544  -1.50796  3409.49
0.00057544  -1.3823  3415.72
0.00057544  -1.25664  3426.96
0.00057544  -1.13097  3443.08
0.00057544  -1.00531  3463.88
0.00057544  -0.879646  3489.1
0.00057544  -0.753982  3518.4
0.00057544  -0.628319  3551.39
0.00057544  -0.502655  3587.58
0.00057544  -0.376991  3626.46
0.00057544  -0.251327  3667.42
0.00057544  -0.125664  3709.82
0.00057544  1.11022e-15  3752.99
0.00057544  0.125664  3796.21
0.00057544  0.251327  3838.77
0.00057544  0.376991  3879.94
0.00057544  0.502655  3919.03
0.00057544  0.628319  3955.37
0.00057544  0.753982  3988.34
0.00057544  0.879646  4017.39
0.00057544  1.00531  4042.02
0.00057544  1.13097  4061.82
0.00057544  1.25664  4076.47
0.00057544  1.3823  4085.74
0.00057544  1.50796  4089.47
0.00057544  1.63363  4087.63
0.00057544  1.75929  4080.24
0.00057544  1.88496  4067.44
0.00057544  2.01062  4049.46
0.00057544  2.13628  4026.61
0.00057544  2.26195  3999.28
0.00057544  2.38761  3967.94
0.00057544  2.51327  3933.11
0.00057544  2.63894  3895.39
0.00057544  2.7646  3855.4
0.00057544  2.89027  3813.82
0.00057544  3.01593  3771.32
0.000691831  -3.14159  3668.15
0.000691831  -3.01593  3622.21
0.000691831  -2.89027  3577.53
0.000691831  -2.7646  3534.8
0.000691831  -2.63894  3494.63
0.000691831  -2.51327  3457.6
0.000691831  -2.38761  3424.23
0.000691831  -2.26195  3394.97
0.000691831  -2.13628  3370.2
0.000691831  -2.01062  3350.25
0.000691831  -1.88496  3335.37
0.000691831  -1.75929  3325.76
0.000691831  -1.63363  3321.54
0.000691831  -1.50796  3322.78
0.000691831  -1.3823  3329.49
0.000691831  -1.25664  3341.6
0.000691831  -1.13097  3358.99
0.000691831  -1.00531  3381.44
0.000691831  -0.879646  3408.69
0.000691831  -0.753982  3440.39
0.000691831  -0.628319  3476.1
0.000691831  -0.502655  3515.35
0.000691831  -0.376991  3557.54
0.000691831  -0.251327  3602.06
0.000691831  -0.125664  3648.19
0.000691831  1.11022e-15  3695.2
0.000691831  0.125664  3742.32
0.000691831  0.251327  3788.75
0.000691831  0.376991  3833.7
0.000691831  0.502655  3876.4
0.000691831  0.628319  3916.12
0.000691831  0.753982  3952.16
0.000691831  0.879646  3983.92
0.000691831  1.00531  4010.84
0.000691831  1.13097  4032.48
0.000691831  1.25664  4048.48
0.000691831  1.3823  4058.58
0.000691831  1.50796  4062.61
0.000691831  1.63363  4060.52
0.000691831  1.75929  4052.37
0.000691831  1.88496  4038.3
0.000691831  2.01062  4018.57
0.000691831  2.13628  3993.51
0.000691831  2.26195  3963.57
0.000691831  2.38761  3929.25
0.000691831  2.51327  3891.16
0.000691831  2.63894  3849.94
0.000691831  2.7646  3806.28
0.000691831  2.89027  3760.94
0.000691831  3.01593  3714.64
0.000831764  -3.14159  3596.23
0.000831764  -3.01593  3546.42
0.000831764  -2.89027  3498.06
0.000831764  -2.7646  3451.86
0.000831764  -2.63894  3408.5
0.000831764  -2.51327  3368.59
0.000831764  -2.38761  3332.66
0.000831764  -2.26195  3301.19
0.000831764  -2.13628  3274.58
0.000831764  -2.01062  3253.15
0.000831764  -1.88496  3237.18
0.000831764  -1.75929  3226.87
0.000831764  -1.63363  3222.34
0.000831764  -1.50796  3223.68
0.000831764  -1.3823  3230.87
0.000831764  -1.25664  3243.88
0.000831764  -1.13097  3262.55
0.000831764  -1.00531  3286.7
0.000831764  -0.879646  3316.04
0.000831764  -0.753982  3350.21
0.000831764  -0.628319  3388.76
0.000831764  -0.502655  3431.18
0.000831764  -0.376991  3476.85
0.000831764  -0.251327  3525.1
0.000831764  -0.125664  3575.17
0.000831764  1.11022e-15  3626.26
0.000831764  0.125664  3677.52
0.000831764  0.251327  3728.09
0.000831764  0.376991  3777.09
0.000831764  0.502655  3823.67
0.000831764  0.628319  3867.02
0.000831764  0.753982  3906.38
0.000831764  0.879646  3941.06
0.000831764  1.00531  3970.46
0.000831764  1.13097  3994.08
0.000831764  1.25664  4011.53
0.000831764  1.3823  4022.5
0.000831764  1.50796  4026.84
0.000831764  1.63363  4024.49
0.000831764  1.75929  4015.49
0.000831764  1.88496  4000.02
0.000831764  2.01062  3978.37
0.000831764  2.13628  3950.9
0.000831764  2.26195  3918.12
0.000831764  2.38761  3880.59
0.000831764  2.51327  3838.97
0.000831764  2.63894  3793.98
0.000831764  2.7646  3746.4
0.000831764  2.89027  3697.03
0.000831764  3.01593  3646.7
0.001  -3.14159  3510.85
0.001  -3.01593  3457.04
0.001  -2.89027  3404.87
0.001  -2.7646  3355.12
0.001  -2.63894  3308.51
0.001  -2.51327  3265.67
0.001  -2.38761  3227.17
0.001  -2.26195  3193.48
0.001  -2.13628  3165.03
0.001  -2.01062  3142.14
0.001  -1.88496  3125.1
0.001  -1.75929  3114.09
0.001  -1.63363  3109.26
0.001  -1.50796  3110.69
0.001  -1.3823  3118.37
0.001  -1.25664  3132.26
0.001  -1.13097  3152.23
0.001  -1.00531  3178.08
0.001  -0.879646  3209.53
0.001  -0.753982  3246.2
0.001  -0.628319  3287.65
0.001  -0.502655  3333.32
0.001  -0.376991  3382.58
0.001  -0.251327  3434.7
0.001  -0.125664  3488.88
0.001  1.11022e-15  3544.24
0.001  0.125664  3599.87
0.001  0.251327  3654.81
0.001  0.376991  3708.11
0.001  0.502655  3758.83
0.001  0.628319  3806.06
0.001  0.753982  3848.96
0.001  0.879646  3886.77
0.001  1.00531  3918.83
0.001  1.13097  3944.57
0.001  1.25664  3963.56
0.001  1.3823  3975.47
0.001  1.50796  3980.12
0.001  1.63363  3977.45
0.001  1.75929  3967.52
0.001  1.88496  3950.52
0.001  2.01062  3926.77
0.001  2.13628  3896.7
0.001  2.26195  3860.84
0.001  2.38761  3819.85
0.001  2.51327  3774.45
0.001  2.63894  3725.44
0.001  2.7646  3673.68
0.001  2.89027  3620.06
0.001  3.01593  3565.49
0.00120226  -3.14159  3409.85
0.00120226  -3.01593  3351.95
0.00120226  -2.89027  3295.93
0.00120226  -2.7646  3242.63
0.00120226  -2.63894  3192.78
0.00120226  -2.51327  3147.06
0.00120226  -2.38761  3106.03
0.00120226  -2.26195  3070.19
0.00120226  -2.13628  3039.96
0.00120226  -2.01062  3015.67
0.00120226  -1.88496  2997.59
0.00120226  -1.75929  2985.92
0.00120226  -1.63363  2980.81
0.00120226  -1.50796  2982.33
0.00120226  -1.3823  2990.49
0.00120226  -1.25664  3005.24
0.00120226  -1.13097  3026.47
0.00120226  -1.00531  3053.98
0.00120226  -0.879646  3087.5
0.00120226  -0.753982  3126.65
0.00120226  -0.628319  3170.98
0.00120226  -0.502655  3219.91
0.00120226  -0.376991  3272.79
0.00120226  -0.251327  3328.85
0.00120226  -0.125664  3387.23
0.00120226  1.11022e-15  3447
0.00120226  0.125664  3507.15
0.00120226  0.251327  3566.66
0.00120226  0.376991  3624.47
0.00120226  0.502655  3679.54
0.00120226  0.628319  3730.87
0.00120226  0.753982  3777.52
0.00120226  0.879646  3818.66
0.00120226  1.00531  3853.53
0.00120226  1.13097  3881.53
0.00120226  1.25664  3902.15
0.00120226  1.3823  3915.04
0.00120226  1.50796  3920
0.00120226  1.63363  3916.96
0.00120226  1.75929  3906
0.00120226  1.88496  3887.33
0.00120226  2.01062  3861.3
0.00120226  2.13628  3828.42
0.00120226  2.26195  3789.27
0.00120226  2.38761  3744.58
0.00120226  2.51327  3695.16
0.00120226  2.63894  3641.91
0.00120226  2.7646  3585.77
0.00120226  2.89027  3527.72
0.00120226  3.01593  3468.76
0.00144544  -3.14159  3290.89
0.00144544  -3.01593  3228.93
0.00144544  -2.89027  3169.14
0.00144544  -2.7646  3112.38
0.00144544  -2.63894  3059.43
0.00144544  -2.51327  3010.96
0.00144544  -2.38761  2967.56
0.00144544  -2.26195  2929.71
0.00144544  -2.13628  2897.83
0.00144544  -2.01062  2872.25
0.00144544  -1.88496  2853.24
0.00144544  -1.75929  2840.98
0.00144544  -1.63363  2835.61
0.00144544  -1.50796  2837.22
0.00144544  -1.3823  2845.82
0.00144544  -1.25664  2861.38
0.00144544  -1.13097  2883.79
0.00144544  -1.00531  2912.86
0.00144544  -0.879646  2948.34
0.00144544  -0.753982  2989.85
0.00144544  -0.628319  3036.95
0.00144544  -0.502655  3089.06
0.00144544  -0.376991  3145.49
0.00144544  -0.251327  3205.45
0.00144544  -0.125664  3268.03
0.00144544  1.11022e-15  3332.24
0.00144544  0.125664  3396.99
0.00144544  0.251327  3461.16
0.00144544  0.376991  3523.61
0.00144544  0.502655  3583.18
0.00144544  0.628319  3638.77
0.00144544  0.753982  3689.34
0.00144544  0.879646  3733.96
0.00144544  1.00531  3771.78
0.00144544  1.13097  3802.13
0.00144544  1.25664  3824.44
0.00144544  1.3823  3838.35
0.00144544  1.50796  3843.6
0.00144544  1.63363  3840.13
0.00144544  1.75929  3828.03
0.00144544  1.88496  3807.55
0.00144544  2.01062  3779.09
0.00144544  2.13628  3743.2
0.00144544  2.26195  3700.56
0.00144544  2.38761  3651.98
0.00144544  2.51327  3598.36
0.00144544  2.63894  3540.7
0.00144544  2.7646  3480.05
0.00144544  2.89027  3417.48
0.00144544  3.01593  3354.08
0.0017378  -3.14159  3151.57
0.0017378  -3.01593  3085.74
0.0017378  -2.89027  3022.41
0.0017378  -2.7646  2962.45
0.0017378  -2.63894  2906.67
0.0017378  -2.51327  2855.73
0.0017378  -2.38761  2810.22
0.0017378  -2.26195  2770.62
0.0017378  -2.13628  2737.33
0.0017378  -2.01062  2710.65
0.0017378  -1.88496  2690.84
0.0017378  -1.75929  2678.09
0.0017378  -1.63363  2672.52
0.0017378  -1.50796  2674.22
0.0017378  -1.3823  2683.21
0.0017378  -1.25664  2699.47
0.0017378  -1.13097  2722.92
0.0017378  -1.00531  2753.37
0.0017378  -0.879646  2790.61
0.0017378  -0.753982  2834.27
0.0017378  -0.628319  2883.91
0.0017378  -0.502655  2938.97
0.0017378  -0.376991  2998.75
0.0017378  -0.251327  3062.43
0.0017378  -0.125664  3129.06
0.0017378  1.11022e-15  3197.59
0.0017378  0.125664  3266.87
0.0017378  0.251327  3335.68
0.0017378  0.376991  3402.77
0.0017378  0.502655  3466.89
0.0017378  0.628319  3526.8
0.0017378  0.753982  3581.37
0.0017378  0.879646  3629.54
0.0017378  1.00531  3670.39
0.0017378  1.13097  3703.15
0.0017378  1.25664  3727.19
0.0017378  1.3823  3742.1
0.0017378  1.50796  3747.6
0.0017378  1.63363  3743.64
0.0017378  1.75929  3730.3
0.0017378  1.88496  3707.88
0.0017378  2.01062  3676.84
0.0017378  2.13628  3637.8
0.0017378  2.26195  3591.52
0.0017378  2.38761  3538.92
0.0017378  2.51327  3481.01
0.0017378  2.63894  3418.88
0.0017378  2.7646  3353.7
0.0017378  2.89027  3286.65
0.0017378  3.01593  3218.89
0.0020893  -3.14159  2989.63
0.0020893  -3.01593  2920.33
0.0020893  -2.89027  2853.87
0.0020893  -2.7646  2791.17
0.0020893  -2.63894  2733
0.0020893  -2.51327  2680.04
0.0020893  -2.38761  2632.85
0.0020893  -2.26195  2591.88
0.0020893  -2.13628  2557.51
0.0020893  -2.01062  2530.01
0.0020893  -1.88496  2509.63
0.0020893  -1.75929  2496.52
0.0020893  -1.63363  2490.82
0.0020893  -1.50796  2492.6
0.0020893  -1.3823  2501.91
0.0020893  -1.25664  2518.73
0.0020893  -1.13097  2543
0.0020893  -1.00531  2574.57
0.0020893  -0.879646  2613.24
0.0020893  -0.753982  2658.7
0.0020893  -0.628319  2710.51
0.0020893  -0.502655  2768.13
0.0020893  -0.376991  2830.87
0.0020893  -0.251327  2897.89
0.0020893  -0.125664  2968.23
0.0020893  1.11022e-15  3040.78
0.0020893  0.125664  3114.33
0.0020893  0.251327  3187.56
0.0020893  0.376991  3259.13
0.0020893  0.502655  3327.66
0.0020893  0.628319  3391.82
0.0020893  0.753982  3450.33
0.0020893  0.879646  3502.03
0.0020893  1.00531  3545.88
0.0020893  1.13097  3581.02
0.0020893  1.25664  3606.76
0.0020893  1.3823  3622.63
0.0020893  1.50796  3628.32
0.0020893  1.63363  3623.78
0.0020893  1.75929  3609.11
0.0020893  1.88496  3584.66
0.0020893  2.01062  3550.94
0.0020893  2.13628  3508.67
0.0020893  2.26195  3458.7
0.0020893  2.38761  3402.07
0.0020893  2.51327  3339.89
0.0020893  2.63894  3273.4
0.0020893  2.7646  3203.86
0.0020893  2.89027  3132.56
0.0020893  3.01593  3060.74
0.00251189  -3.14159  2803.18
0.00251189  -3.01593  2731.07
0.00251189  -2.89027  2662.17
0.00251189  -2.7646  2597.39
0.00251189  -2.63894  2537.5
0.00251189  -2.51327  2483.16
0.00251189  -2.38761  2434.87
0.00251189  -2.26195  2393.06
0.00251189  -2.13628  2358.05
0.00251189  -2.01062  2330.11
0.00251189  -1.88496  2309.43
0.00251189  -1.75929  2296.16
0.00251189  -1.63363  2290.42
0.00251189  -1.50796  2292.29
0.00251189  -1.3823  2301.8
0.00251189  -1.25664  2318.98
0.00251189  -1.13097  2343.78
0.00251189  -1.00531  2376.11
0.00251189  -0.879646  2415.78
0.00251189  -0.753982  2462.53
0.00251189  -0.628319  2515.96
0.00251189  -0.502655  2575.56
0.00251189  -0.376991  2640.66
0.00251189  -0.251327  2710.42
0.00251189  -0.125664  2783.88
0.00251189  1.11022e-15  2859.89
0.00251189  0.125664  2937.18
0.00251189  0.251327  3014.37
0.00251189  0.376991  3090
0.00251189  0.502655  3162.6
0.00251189  0.628319  3230.71
0.00251189  0.753982  3292.91
0.00251189  0.879646  3347.93
0.00251189  1.00531  3394.61
0.00251189  1.13097  3431.99
0.00251189  1.25664  3459.31
0.00251189  1.3823  3476.02
0.00251189  1.50796  3481.81
0.00251189  1.63363  3476.6
0.00251189  1.75929  3460.54
0.00251189  1.88496  3434.01
0.00251189  2.01062  3397.6
0.00251189  2.13628  3352.13
0.00251189  2.26195  3298.58
0.00251189  2.38761  3238.08
0.00251189  2.51327  3171.89
0.00251189  2.63894  3101.36
0.00251189  2.7646  3027.87
0.00251189  2.89027  2952.8
0.00251189  3.01593  2877.48
0.00301995  -3.14159  2591.12
0.00301995  -3.01593  2517.13
0.00301995  -2.89027  2446.73
0.00301995  -2.7646  2380.81
0.00301995  -2.63894  2320.1
0.00301995  -2.51327  2265.19
0.00301995  -2.38761  2216.57
0.00301995  -2.26195  2174.58
0.00301995  -2.13628  2139.52
0.00301995  -2.01062  2111.6
0.00301995  -1.88496  2090.98
0.00301995  -1.75929  2077.78
0.00301995  -1.63363  2072.11
0.00301995  -1.50796  2074.05
0.00301995  -1.3823  2083.65
0.00301995  -1.25664  2100.94
0.00301995  -1.13097  2125.92
0.00301995  -1.00531  2158.52
0.00301995  -0.879646  2198.63
0.00301995  -0.753982  2246.01
0.00301995  -0.628319  2300.32
0.00301995  -0.502655  2361.11
0.00301995  -0.376991  2427.73
0.00301995  -0.251327  2499.38
0.00301995  -0.125664  2575.08
0.00301995  1.11022e-15  2653.69
0.00301995  0.125664  2733.9
0.00301995  0.251327  2814.26
0.00301995  0.376991  2893.23
0.00301995  0.502655  2969.24
0.00301995  0.628319  3040.71
0.00301995  0.753982  3106.1
0.00301995  0.879646  3163.99
0.00301995  1.00531  3213.14
0.00301995  1.13097  3252.45
0.00301995  1.25664  3281.09
0.00301995  1.3823  3298.46
0.00301995  1.50796  3304.19
0.00301995  1.63363  3298.23
0.00301995  1.75929  3280.74
0.00301995  1.88496  3252.18
0.00301995  2.01062  3213.21
0.00301995  2.13628  3164.76
0.00301995  2.26195  3107.93
0.00301995  2.38761  3043.98
0.00301995  2.51327  2974.31
0.00301995  2.63894  2900.37
0.00301995  2.7646  2823.65
0.00301995  2.89027  2745.62
0.00301995  3.01593  2667.67
0.00363078  -3.14159  2353.51
0.00363078  -3.01593  2278.9
0.00363078  -2.89027  2208.23
0.00363078  -2.7646  2142.34
0.00363078  -2.63894  2081.91
0.00363078  -2.51327  2027.47
0.00363078  -2.38761  1979.42
0.00363078  -2.26195  1938.07
0.00363078  -2.13628  1903.63
0.00363078  -2.01062  1876.27
0.00363078  -1.88496  1856.12
0.00363078  -1.75929  1843.27
0.00363078  -1.63363  1837.8
0.00363078  -1.50796  1839.8
0.00363078  -1.3823  1849.33
0.00363078  -1.25664  1866.44
0.00363078  -1.13097  1891.17
0.00363078  -1.00531  1923.49
0.00363078  -0.879646  1963.34
0.00363078  -0.753982  2010.55
0.00363078  -0.628319  2064.85
0.00363078  -0.502655  2125.81
0.00363078  -0.376991  2192.88
0.00363078  -0.251327  2265.27
0.00363078  -0.125664  2342.06
0.00363078  1.11022e-15  2422.09
0.00363078  0.125664  2504.04
0.00363078  0.251327  2586.42
0.00363078  0.376991  2667.65
0.00363078  0.502655  2746.06
0.00363078  0.628319  2819.94
0.00363078  0.753982  2887.68
0.00363078  0.879646  2947.72
0.00363078  1.00531  2998.69
0.00363078  1.13097  3039.42
0.00363078  1.25664  3068.97
0.00363078  1.3823  3086.67
0.00363078  1.50796  3092.17
0.00363078  1.63363  3085.37
0.00363078  1.75929  3066.51
0.00363078  1.88496  3036.08
0.00363078  2.01062  2994.87
0.00363078  2.13628  2943.89
0.00363078  2.26195  2884.38
0.00363078  2.38761  2817.72
0.00363078  2.51327  2745.43
0.00363078  2.63894  2669.08
0.00363078  2.7646  2590.23
0.00363078  2.89027  2510.41
0.00363078  3.01593  2431.07
0.00436516  -3.14159  2092.11
0.00436516  -3.01593  2018.42
0.00436516  -2.89027  1948.95
0.00436516  -2.7646  1884.49
0.00436516  -2.63894  1825.63
0.00436516  -2.51327  1772.81
0.00436516  -2.38761  1726.38
0.00436516  -2.26195  1686.55
0.00436516  -2.13628  1653.49
0.00436516  -2.01062  1627.3
0.00436516  -1.88496  1608.07
0.00436516  -1.75929  1595.86
0.00436516  -1.63363  1590.74
0.00436516  -1.50796  1592.79
0.00436516  -1.3823  1602.08
0.00436516  -1.25664  1618.69
0.00436516  -1.13097  1642.69
0.00436516  -1.00531  1674.11
0.00436516  -0.879646  1712.92
0.00436516  -0.753982  1759.05
0.00436516  -0.628319  1812.27
0.00436516  -0.502655  1872.24
0.00436516  -0.376991  1938.46
0.00436516  -0.251327  2010.22
0.00436516  -0.125664  2086.64
0.00436516  1.11022e-15  2166.59
0.00436516  0.125664  2248.76
0.00436516  0.251327  2331.68
0.00436516  0.376991  2413.69
0.00436516  0.502655  2493.08
0.00436516  0.628319  2568.08
0.00436516  0.753982  2636.95
0.00436516  0.879646  2698.07
0.00436516  1.00531  2749.94
0.00436516  1.13097  2791.31
0.00436516  1.25664  2821.16
0.00436516  1.3823  2838.79
0.00436516  1.50796  2843.8
0.00436516  1.63363  2836.12
0.00436516  1.75929  2816.02
0.00436516  1.88496  2784.08
0.00436516  2.01062  2741.16
0.00436516  2.13628  2688.4
0.00436516  2.26195  2627.14
0.00436516  2.38761  2558.88
0.00436516  2.51327  2485.23
0.00436516  2.63894  2407.84
0.00436516  2.7646  2328.34
0.00436516  2.89027  2248.28
0.00436516  3.01593  2169.11
0.00524807  -3.14159  1810.84
0.00524807  -3.01593  1739.79
0.00524807  -2.89027  1673.17
0.00524807  -2.7646  1611.65
0.00524807  -2.63894  1555.73
0.00524807  -2.51327  1505.79
0.00524807  -2.38761  1462.06
0.00524807  -2.26195  1424.7
0.00524807  -2.13628  1393.79
0.00524807  -2.01062  1369.4
0.00524807  -1.88496  1351.55
0.00524807  -1.75929  1340.3
0.00524807  -1.63363  1335.67
0.00524807  -1.50796  1337.76
0.00524807  -1.3823  1346.64
0.00524807  -1.25664  1362.42
0.00524807  -1.13097  1385.2
0.00524807  -1.00531  1415.05
0.00524807  -0.879646  1452.02
0.00524807  -0.753982  1496.07
0.00524807  -0.628319  1547.07
0.00524807  -0.502655  1604.76
0.00524807  -0.376991  1668.7
0.00524807  -0.251327  1738.28
0.00524807  -0.125664  1812.66
0.00524807  1.11022e-15  1890.78
0.00524807  0.125664  1971.39
0.00524807  0.251327  2053
0.00524807  0.376991  2133.99
0.00524807  0.502655  2212.61
0.00524807  0.628319  2287.05
0.00524807  0.753982  2355.52
0.00524807  0.879646  2416.31
0.00524807  1.00531  2467.87
0.00524807  1.13097  2508.87
0.00524807  1.25664  2538.25
0.00524807  1.3823  2555.27
0.00524807  1.50796  2559.51
0.00524807  1.63363  2550.95
0.00524807  1.75929  2529.88
0.00524807  1.88496  2496.95
0.00524807  2.01062  2453.13
0.00524807  2.13628  2399.62
0.00524807  2.26195  2337.88
0.00524807  2.38761  2269.48
0.00524807  2.51327  2196.09
0.00524807  2.63894  2119.41
0.00524807  2.7646  2041.07
0.00524807  2.89027  1962.62
0.00524807  3.01593  1885.47
0.00630957  -3.14159  1516.02
0.00630957  -3.01593  1449.43
0.00630957  -2.89027  1387.32
0.00630957  -2.7646  1330.28
0.00630957  -2.63894  1278.71
0.00630957  -2.51327  1232.87
0.00630957  -2.38761  1192.92
0.00630957  -2.26195  1158.93
0.00630957  -2.13628  1130.94
0.00630957  -2.01062  1108.94
0.00630957  -1.88496  1092.92
0.00630957  -1.75929  1082.91
0.00630957  -1.63363  1078.93
0.00630957  -1.50796  1081.05
0.00630957  -1.3823  1089.36
0.00630957  -1.25664  1103.99
0.00630957  -1.13097  1125.07
0.00630957  -1.00531  1152.71
0.00630957  -0.879646  1187.02
0.00630957  -0.753982  1228.03
0.00630957  -0.628319  1275.67
0.00630957  -0.502655  1329.75
0.00630957  -0.376991  1389.94
0.00630957  -0.251327  1455.69
0.00630957  -0.125664  1526.26
0.00630957  1.11022e-15  1600.68
0.00630957  0.125664  1677.74
0.00630957  0.251327  1756.03
0.00630957  0.376991  1833.96
0.00630957  0.502655  1909.8
0.00630957  0.628319  1981.75
0.00630957  0.753982  2048
0.00630957  0.879646  2106.82
0.00630957  1.00531  2156.64
0.00630957  1.13097  2196.09
0.00630957  1.25664  2224.09
0.00630957  1.3823  2239.89
0.00630957  1.50796  2243.1
0.00630957  1.63363  2233.7
0.00630957  1.75929  2212.06
0.00630957  1.88496  2178.87
0.00630957  2.01062  2135.16
0.00630957  2.13628  2082.21
0.00630957  2.26195  2021.53
0.00630957  2.38761  1954.72
0.00630957  2.51327  1883.48
0.00630957  2.63894  1809.48
0.00630957  2.7646  1734.33
0.00630957  2.89027  1659.52
0.00630957  3.01593  1586.37
0.00758578  -3.14159  1216.52
0.00758578  -3.01593  1156.1
0.00758578  -2.89027  1100.1
0.00758578  -2.7646  1048.97
0.00758578  -2.63894  1003.01
0.00758578  -2.51327  962.386
0.00758578  -2.38761  927.173
0.00758578  -2.26195  897.376
0.00758578  -2.13628  872.961
0.00758578  -2.01062  853.88
0.00758578  -1.88496  840.093
0.00758578  -1.75929  831.584
0.00758578  -1.63363  828.373
0.00758578  -1.50796  830.521
0.00758578  -1.3823  838.129
0.00758578  -1.25664  851.334
0.00758578  -1.13097  870.292
0.00758578  -1.00531  895.164
0.00758578  -0.879646  926.086
0.00758578  -0.753982  963.148
0.00758578  -0.628319  1006.36
0.00758578  -0.502655  1055.6
0.00758578  -0.376991  1110.62
0.00758578  -0.251327  1170.97
0.00758578  -0.125664  1236
0.00758578  1.11022e-15  1304.84
0.00758578  0.125664  1376.37
0.00758578  0.251327  1449.28
0.00758578  0.376991  1522.06
0.00758578  0.502655  1593.03
0.00758578  0.628319  1660.46
0.00758578  0.753982  1722.58
0.00758578  0.879646  1777.7
0.00758578  1.00531  1824.25
0.00758578  1.13097  1860.89
0.00758578  1.25664  1886.57
0.00758578  1.3823  1900.55
0.00758578  1.50796  1902.48
0.00758578  1.63363  1892.38
0.00758578  1.75929  1870.66
0.00758578  1.88496  1838.05
0.00758578  2.01062  1795.62
0.00758578  2.13628  1744.69
0.00758578  2.26195  1686.74
0.00758578  2.38761  1623.38
0.00758578  2.51327  1556.26
0.00758578  2.63894  1486.99
0.00758578  2.7646  1417.09
0.00758578  2.89027  1347.93
0.00758578  3.01593  1280.74
0.00912011  -3.14159  923.514
0.00912011  -3.01593  870.746
0.00912011  -2.89027  822.182
0.00912011  -2.7646  778.154
0.00912011  -2.63894  738.85
0.00912011  -2.51327  704.35
0.00912011  -2.38761  674.647
0.00912011  -2.26195  649.683
0.00912011  -2.13628  629.371
0.00912011  -2.01062  613.623
0.00912011  -1.88496  602.369
0.00912011  -1.75929  595.571
0.00912011  -1.63363  593.235
0.00912011  -1.50796  595.418
0.00912011  -1.3823  602.224
0.00912011  -1.25664  613.798
0.00912011  -1.13097  630.315
0.00912011  -1.00531  651.961
0.00912011  -0.879646  678.911
0.00912011  -0.753982  711.3
0.00912011  -0.628319  749.19
0.00912011  -0.502655  792.542
0.00912011  -0.376991  841.175
0.00912011  -0.251327  894.739
0.00912011  -0.125664  952.687
0.00912011  1.11022e-15  1014.25
0.00912011  0.125664  1078.45
0.00912011  0.251327  1144.08
0.00912011  0.376991  1209.74
0.00912011  0.502655  1273.89
0.00912011  0.628319  1334.88
0.00912011  0.753982  1391.06
0.00912011  0.879646  1440.81
0.00912011  1.00531  1482.65
0.00912011  1.13097  1515.3
0.00912011  1.25664  1537.78
0.00912011  1.3823  1549.42
0.00912011  1.50796  1549.9
0.00912011  1.63363  1539.29
0.00912011  1.75929  1518.04
0.00912011  1.88496  1486.9
0.00912011  2.01062  1446.94
0.00912011  2.13628  1399.45
0.00912011  2.26195  1345.88
0.00912011  2.38761  1287.75
0.00912011  2.51327  1226.61
0.00912011  2.63894  1163.96
0.00912011  2.7646  1101.18
0.00912011  2.89027  1039.5
0.00912011  3.01593  979.993
0.0109648  -3.14159  650.017
0.0109648  -3.01593  606
0.0109648  -2.89027  565.843
0.0109648  -2.7646  529.758
0.0109648  -2.63894  497.835
0.0109648  -2.51327  470.068
0.0109648  -2.38761  446.384
0.0109648  -2.26195  426.67
0.0109648  -2.13628  410.797
0.0109648  -2.01062  398.645
0.0109648  -1.88496  390.12
0.0109648  -1.75929  385.168
0.0109648  -1.63363  383.785
0.0109648  -1.50796  386.021
0.0109648  -1.3823  391.978
0.0109648  -1.25664  401.805
0.0109648  -1.13097  415.686
0.0109648  -1.00531  433.823
0.0109648  -0.879646  456.413
0.0109648  -0.753982  483.626
0.0109648  -0.628319  515.57
0.0109648  -0.502655  552.262
0.0109648  -0.376991  593.597
0.0109648  -0.251327  639.314
0.0109648  -0.125664  688.97
0.0109648  1.11022e-15  741.924
0.0109648  0.125664  797.321
0.0109648  0.251327  854.103
0.0109648  0.376991  911.029
0.0109648  0.502655  966.709
0.0109648  0.628319  1019.66
0.0109648  0.753982  1068.36
0.0109648  0.879646  1111.35
0.0109648  1.00531  1147.27
0.0109648  1.13097  1174.97
0.0109648  1.25664  1193.55
0.0109648  1.3823  1202.44
0.0109648  1.50796  1201.39
0.0109648  1.63363  1190.52
0.0109648  1.75929  1170.28
0.0109648  1.88496  1141.43
0.0109648  2.01062  1105.01
0.0109648  2.13628  1062.23
0.0109648  2.26195  1014.43
0.0109648  2.38761  963.04
0.0109648  2.51327  909.437
0.0109648  2.63894  854.954
0.0109648  2.7646  800.799
0.0109648  2.89027  748.031
0.0109648  3.01593  697.536
0.0131826  -3.14159  410.155
0.0131826  -3.01593  375.503
0.0131826  -2.89027  344.265
0.0131826  -2.7646  316.543
0.0131826  -2.63894  292.334
0.0131826  -2.51327  271.561
0.0131826  -2.38761  254.095
0.0131826  -2.26195  239.781
0.0131826  -2.13628  228.46
0.0131826  -2.01062  219.99
0.0131826  -1.88496  214.263
0.0131826  -1.75929  211.211
0.0131826  -1.63363  210.823
0.0131826  -1.50796  213.142
0.0131826  -1.3823  218.264
0.0131826  -1.25664  226.336
0.0131826  -1.13097  237.539
0.0131826  -1.00531  252.081
0.0131826  -0.879646  270.167
0.0131826  -0.753982  291.986
0.0131826  -0.628319  317.677
0.0131826  -0.502655  347.303
0.0131826  -0.376991  380.822
0.0131826  -0.251327  418.055
0.0131826  -0.125664  458.662
0.0131826  1.11022e-15  502.126
0.0131826  0.125664  547.74
0.0131826  0.251327  594.608
0.0131826  0.376991  641.668
0.0131826  0.502655  687.721
0.0131826  0.628319  731.476
0.0131826  0.753982  771.611
0.0131826  0.879646  806.843
0.0131826  1.00531  835.995
0.0131826  1.13097  858.067
0.0131826  1.25664  872.299
0.0131826  1.3823  878.213
0.0131826  1.50796  875.645
0.0131826  1.63363  864.752
0.0131826  1.75929  845.996
0.0131826  1.88496  820.112
0.0131826  2.01062  788.053
0.0131826  2.13628  750.934
0.0131826  2.26195  709.965
0.0131826  2.38761  666.383
0.0131826  2.51327  621.397
0.0131826  2.63894  576.134
0.0131826  2.7646  531.6
0.0131826  2.89027  488.655
0.0131826  3.01593  447.997
0.0158489  -3.14159  218.212
0.0158489  -3.01593  192.999
0.0158489  -2.89027  170.687
0.0158489  -2.7646  151.276
0.0158489  -2.63894  134.686
0.0158489  -2.51327  120.783
0.0158489  -2.38761  109.397
0.0158489  -2.26195  100.344
0.0158489  -2.13628  93.4487
0.0158489  -2.01062  88.5583
0.0158489  -1.88496  85.5559
0.0158489  -1.75929  84.3707
0.0158489  -1.63363  84.9838
0.0158489  -1.50796  87.4306
0.0158489  -1.3823  91.7989
0.0158489  -1.25664  98.2234
0.0158489  -1.13097  106.876
0.0158489  -1.00531  117.954
0.0158489  -0.879646  131.66
0.0158489  -0.753982  148.184
0.0158489  -0.628319  167.683
0.0158489  -0.502655  190.248
0.0158489  -0.376991  215.887
0.0158489  -0.251327  244.492
0.0158489  -0.125664  275.82
0.0158489  1.11022e-15  309.475
0.0158489  0.125664  344.9
0.0158489  0.251327  381.373
0.0158489  0.376991  418.028
0.0158489  0.502655  453.877
0.0158489  0.628319  487.85
0.0158489  0.753982  518.852
0.0158489  0.879646  545.814
0.0158489  1.00531  567.765
0.0158489  1.13097  583.887
0.0158489  1.25664  593.569
0.0158489  1.3823  596.454
0.0158489  1.50796  592.456
0.0158489  1.63363  581.769
0.0158489  1.75929  564.847
0.0158489  1.88496  542.371
0.0158489  2.01062  515.199
0.0158489  2.13628  484.309
0.0158489  2.26195  450.742
0.0158489  2.38761  415.539
0.0158489  2.51327  379.698
0.0158489  2.63894  344.127
0.0158489  2.7646  309.614
0.0158489  2.89027  276.811
0.0158489  3.01593  246.224
0.0190546  -3.14159  87.5131
0.0190546  -3.01593  71.2572
0.0190546  -2.89027  57.3544
0.0190546  -2.7646  45.7216
0.0190546  -2.63894  36.2193
0.0190546  -2.51327  28.6708
0.0190546  -2.38761  22.8819
0.0190546  -2.26195  18.6578
0.0190546  -2.13628  15.8185
0.0190546  -2.01062  14.2117
0.0190546  -1.88496  13.7224
0.0190546  -1.75929  14.2798
0.0190546  -1.63363  15.8619
0.0190546  -1.50796  18.4958
0.0190546  -1.3823  22.2564
0.0190546  -1.25664  27.2606
0.0190546  -1.13097  33.6603
0.0190546  -1.00531  41.6305
0.0190546  -0.879646  51.3566
0.0190546  -0.753982  63.0168
0.0190546  -0.628319  76.7642
0.0190546  -0.502655  92.7055
0.0190546  -0.376991  110.88
0.0190546  -0.251327  131.237
0.0190546  -0.125664  153.618
0.0190546  1.11022e-15  177.74
0.0190546  0.125664  203.19
0.0190546  0.251327  229.422
0.0190546  0.376991  255.768
0.0190546  0.502655  281.46
0.0190546  0.628319  305.665
0.0190546  0.753982  327.526
0.0190546  0.879646  346.209
0.0190546  1.00531  360.963
0.0190546  1.13097  371.163
0.0190546  1.25664  376.363
0.0190546  1.3823  376.326
0.0190546  1.50796  371.044
0.0190546  1.63363  360.738
0.0190546  1.75929  345.843
0.0190546  1.88496  326.968
0.0190546  2.01062  304.858
0.0190546  2.13628  280.337
0.0190546  2.26195  254.258
0.0190546  2.38761  227.455
0.0190546  2.51327  200.704
0.0190546  2.63894  174.687
0.0190546  2.7646  149.975
0.0190546  2.89027  127.015
0.0190546  3.01593  106.129
0.0229087  -3.14159  29.1609
0.0229087  -3.01593  20.8467
0.0229087  -2.89027  14.339
0.0229087  -2.7646  9.49236
0.0229087  -2.63894  6.12726
0.0229087  -2.51327  4.04612
0.0229087  -2.38761  3.04831
0.0229087  -2.26195  2.94309
0.0229087  -2.13628  3.5606
0.0229087  -2.01062  4.76046
0.0229087  -1.88496  6.43814
0.0229087  -1.75929  8.52909
0.0229087  -1.63363  11.0106
0.0229087  -1.50796  13.9017
0.0229087  -1.3823  17.2607
0.0229087  -1.25664  21.1812
0.0229087  -1.13097  25.7854
0.0229087  -1.00531  31.2162
0.0229087  -0.879646  37.6265
0.0229087  -0.753982  45.167
0.0229087  -0.628319  53.9722
0.0229087  -0.502655  64.1443
0.0229087  -0.376991  75.7371
0.0229087  -0.251327  88.7391
0.0229087  -0.125664  103.058
0.0229087  1.11022e-15  118.511
0.0229087  0.125664  134.814
0.0229087  0.251327  151.584
0.0229087  0.376991  168.345
0.0229087  0.502655  184.546
0.0229087  0.628319  199.586
0.0229087  0.753982  212.847
0.0229087  0.879646  223.733
0.0229087  1.00531  231.712
0.0229087  1.13097  236.357
0.0229087  1.25664  237.384
0.0229087  1.3823  234.674
0.0229087  1.50796  228.291
0.0229087  1.63363  218.477
0.0229087  1.75929  205.635
0.0229087  1.88496  190.294
0.0229087  2.01062  173.075
0.0229087  2.13628  154.64
0.0229087  2.26195  135.651
0.0229087  2.38761  116.736
0.0229087  2.51327  98.4493
0.0229087  2.63894  81.2593
0.0229087  2.7646  65.5297
0.0229087  2.89027  51.5177
0.0229087  3.01593  39.3758
0.0275423  -3.14159  50.7236
0.0275423  -3.01593  48.8686
0.0275423  -2.89027  48.3074
0.0275423  -2.7646  48.8569
0.0275423  -2.63894  50.321
0.0275423  -2.51327  52.502
0.0275423  -2.38761  55.2119
0.0275423  -2.26195  58.2801
0.0275423  -2.13628  61.5607
0.0275423  -2.01062  64.9363
0.0275423  -1.88496  68.321
0.0275423  -1.75929  71.6618
0.0275423  -1.63363  74.9385
0.0275423  -1.50796  78.1617
0.0275423  -1.3823  81.3711
0.0275423  -1.25664  84.6315
0.0275423  -1.13097  88.0284
0.0275423  -1.00531  91.6622
0.0275423  -0.879646  95.6416
0.0275423  -0.753982  100.075
0.0275423  -0.628319  105.063
0.0275423  -0.502655  110.684
0.0275423  -0.376991  116.988
0.0275423  -0.251327  123.982
0.0275423  -0.125664  131.619
0.0275423  1.11022e-15  139.792
0.0275423  0.125664  148.326
0.0275423  0.251327  156.981
0.0275423  0.376991  165.454
0.0275423  0.502655  173.39
0.0275423  0.628319  180.406
0.0275423  0.753982  186.107
0.0275423  0.879646  190.121
0.0275423  1.00531  192.126
0.0275423  1.13097  191.884
0.0275423  1.25664  189.26
0.0275423  1.3823  184.249
0.0275423  1.50796  176.976
0.0275423  1.63363  167.697
0.0275423  1.75929  156.775
0.0275423  1.88496  144.657
0.0275423  2.01062  131.837
0.0275423  2.13628  118.82
0.0275423  2.26195  106.085
0.0275423  2.38761  94.0617
0.0275423  2.51327  83.1056
0.0275423  2.63894  73.4871
0.0275423  2.7646  65.3867
0.0275423  2.89027  58.8965
0.0275423  3.01593  54.0282
0.0331131  -3.14159  155.032
0.0331131  -3.01593  157.809
0.0331131  -2.89027  161.429
0.0331131  -2.7646  165.699
0.0331131  -2.63894  170.431
0.0331131  -2.51327  175.448
0.0331131  -2.38761  180.591
0.0331131  -2.26195  185.727
0.0331131  -2.13628  190.745
0.0331131  -2.01062  195.56
0.0331131  -1.88496  200.113
0.0331131  -1.75929  204.365
0.0331131  -1.63363  208.303
0.0331131  -1.50796  211.928
0.0331131  -1.3823  215.26
0.0331131  -1.25664  218.332
0.0331131  -1.13097  221.187
0.0331131  -1.00531  223.875
0.0331131  -0.879646  226.452
0.0331131  -0.753982  228.971
0.0331131  -0.628319  231.483
0.0331131  -0.502655  234.029
0.0331131  -0.376991  236.634
0.0331131  -0.251327  239.301
0.0331131  -0.125664  242.007
0.0331131  1.11022e-15  244.693
0.0331131  0.125664  247.269
0.0331131  0.251327  249.605
0.0331131  0.376991  251.541
0.0331131  0.502655  252.892
0.0331131  0.628319  253.459
0.0331131  0.753982  253.046
0.0331131  0.879646  251.48
0.0331131  1.00531  248.625
0.0331131  1.13097  244.409
0.0331131  1.25664  238.835
0.0331131  1.3823  231.992
0.0331131  1.50796  224.06
0.0331131  1.63363  215.297
0.0331131  1.75929  206.029
0.0331131  1.88496  196.62
0.0331131  2.01062  187.445
0.0331131  2.13628  178.863
0.0331131  2.26195  171.188
0.0331131  2.38761  164.676
0.0331131  2.51327  159.509
0.0331131  2.63894  155.79
0.0331131  2.7646  153.55
0.0331131  2.89027  152.747
0.0331131  3.01593  153.288
0.0398107  -3.14159  339.368
0.0398107  -3.01593  344.788
0.0398107  -2.89027  350.689
0.0398107  -2.7646  356.891
0.0398107  -2.63894  363.234
0.0398107  -2.51327  369.584
0.0398107  -2.38761  375.826
0.0398107  -2.26195  381.874
0.0398107  -2.13628  387.664
0.0398107  -2.01062  393.149
0.0398107  -1.88496  398.301
0.0398107  -1.75929  403.102
0.0398107  -1.63363  407.544
0.0398107  -1.50796  411.622
0.0398107  -1.3823  415.335
0.0398107  -1.25664  418.681
0.0398107  -1.13097  421.658
0.0398107  -1.00531  424.263
0.0398107  -0.879646  426.49
0.0398107  -0.753982  428.332
0.0398107  -0.628319  429.778
0.0398107  -0.502655  430.818
0.0398107  -0.376991  431.436
0.0398107  -0.251327  431.612
0.0398107  -0.125664  431.32
0.0398107  1.11022e-15  430.526
0.0398107  0.125664  429.188
0.0398107  0.251327  427.259
0.0398107  0.376991  424.683
0.0398107  0.502655  421.406
0.0398107  0.628319  417.379
0.0398107  0.753982  412.564
0.0398107  0.879646  406.95
0.0398107  1.00531  400.557
0.0398107  1.13097  393.451
0.0398107  1.25664  385.745
0.0398107  1.3823  377.608
0.0398107  1.50796  369.26
0.0398107  1.63363  360.958
0.0398107  1.75929  352.988
0.0398107  1.88496  345.638
0.0398107  2.01062  339.179
0.0398107  2.13628  333.845
0.0398107  2.26195  329.811
0.0398107  2.38761  327.19
0.0398107  2.51327  326.024
0.0398107  2.63894  326.29
0.0398107  2.7646  327.905
0.0398107  2.89027  330.736
0.0398107  3.01593  334.62
0.047863  -3.14159  595.36
0.047863  -3.01593  601.522
0.047863  -2.89027  607.899
0.047863  -2.7646  614.348
0.047863  -2.63894  620.757
0.047863  -2.51327  627.043
0.047863  -2.38761  633.149
0.047863  -2.26195  639.044
0.047863  -2.13628  644.713
0.047863  -2.01062  650.155
0.047863  -1.88496  655.372
0.047863  -1.75929  660.37
0.047863  -1.63363  665.146
0.047863  -1.50796  669.692
0.047863  -1.3823  673.984
0.047863  -1.25664  677.989
0.047863  -1.13097  681.658
0.047863  -1.00531  684.933
0.047863  -0.879646  687.746
0.047863  -0.753982  690.025
0.047863  -0.628319  691.696
0.047863  -0.502655  692.684
0.047863  -0.376991  692.923
0.047863  -0.251327  692.355
0.047863  -0.125664  690.931
0.047863  1.11022e-15  688.616
0.047863  0.125664  685.391
0.047863  0.251327  681.252
0.047863  0.376991  676.212
0.047863  0.502655  670.308
0.047863  0.628319  663.595
0.047863  0.753982  656.153
0.047863  0.879646  648.092
0.047863  1.00531  639.547
0.047863  1.13097  630.688
0.047863  1.25664  621.711
0.047863  1.3823  612.843
0.047863  1.50796  604.327
0.047863  1.63363  596.417
0.047863  1.75929  589.36
0.047863  1.88496  583.38
0.047863  2.01062  578.662
0.047863  2.13628  575.338
0.047863  2.26195  573.48
0.047863  2.38761  573.093
0.047863  2.51327  574.119
0.047863  2.63894  576.448
0.047863  2.7646  579.926
0.047863  2.89027  584.369
0.047863  3.01593  589.58
0.057544  -3.14159  909.786
0.057544  -3.01593  915.14
0.057544  -2.89027  920.537
0.057544  -2.7646  925.887
0.057544  -2.63894  931.133
0.057544  -2.51327  936.254
0.057544  -2.38761  941.254
0.057544  -2.26195  946.157
0.057544  -2.13628  951.001
0.057544  -2.01062  955.827
0.057544  -1.88496  960.671
0.057544  -1.75929  965.56
0.057544  -1.63363  970.499
0.057544  -1.50796  975.474
0.057544  -1.3823  980.445
0.057544  -1.25664  985.345
0.057544  -1.13097  990.086
0.057544  -1.00531  994.557
0.057544  -0.879646  998.631
0.057544  -0.753982  1002.17
0.057544  -0.628319  1005.04
0.057544  -0.502655  1007.1
0.057544  -0.376991  1008.23
0.057544  -0.251327  1008.33
0.057544  -0.125664  1007.3
0.057544  1.11022e-15  1005.1
0.057544  0.125664  1001.7
0.057544  0.251327  997.121
0.057544  0.376991  991.405
0.057544  0.502655  984.64
0.057544  0.628319  976.948
0.057544  0.753982  968.485
0.057544  0.879646  959.435
0.057544  1.00531  950.013
0.057544  1.13097  940.454
0.057544  1.25664  931.01
0.057544  1.3823  921.939
0.057544  1.50796  913.498
0.057544  1.63363  905.928
0.057544  1.75929  899.443
0.057544  1.88496  894.215
0.057544  2.01062  890.366
0.057544  2.13628  887.953
0.057544  2.26195  886.975
0.057544  2.38761  887.367
0.057544  2.51327  889.011
0.057544  2.63894  891.749
0.057544  2.7646  895.392
0.057544  2.89027  899.742
0.057544  3.01593  904.601
0.0691831  -3.14159  1266.15
0.0691831  -3.01593  1269.71
0.0691831  -2.89027  1273.21
0.0691831  -2.7646  1276.63
0.0691831  -2.63894  1279.97
0.0691831  -2.51327  1283.25
0.0691831  -2.38761  1286.56
0.0691831  -2.26195  1289.96
0.0691831  -2.13628  1293.54
0.0691831  -2.01062  1297.38
0.0691831  -1.88496  1301.55
0.0691831  -1.75929  1306.09
0.0691831  -1.63363  1311.03
0.0691831  -1.50796  1316.33
0.0691831  -1.3823  1321.95
0.0691831  -1.25664  1327.8
0.0691831  -1.13097  1333.74
0.0691831  -1.00531  1339.62
0.0691831  -0.879646  1345.26
0.0691831  -0.753982  1350.48
0.0691831  -0.628319  1355.07
0.0691831  -0.502655  1358.84
0.0691831  -0.376991  1361.61
0.0691831  -0.251327  1363.23
0.0691831  -0.125664  1363.58
0.0691831  1.11022e-15  1362.57
0.0691831  0.125664  1360.17
0.0691831  0.251327  1356.38
0.0691831  0.376991  1351.26
0.0691831  0.502655  1344.93
0.0691831  0.628319  1337.53
0.0691831  0.753982  1329.25
0.0691831  0.879646  1320.34
0.0691831  1.00531  1311.03
0.0691831  1.13097  1301.61
0.0691831  1.25664  1292.34
0.0691831  1.3823  1283.5
0.0691831  1.50796  1275.36
0.0691831  1.63363  1268.12
0.0691831  1.75929  1261.98
0.0691831  1.88496  1257.07
0.0691831  2.01062  1253.46
0.0691831  2.13628  1251.17
0.0691831  2.26195  1250.14
0.0691831  2.38761  1250.28
0.0691831  2.51327  1251.44
0.0691831  2.63894  1253.44
0.0691831  2.7646  1256.09
0.0691831  2.89027  1259.21
0.0691831  3.01593  1262.61
0.0831764  -3.14159  1646.53
0.0831764  -3.01593  1647.96
0.0831764  -2.89027  1649.28
0.0831764  -2.7646  1650.52
0.0831764  -2.63894  1651.73
0.0831764  -2.51327  1653
0.0831764  -2.38761  1654.44
0.0831764  -2.26195  1656.18
0.0831764  -2.13628  1658.35
0.0831764  -2.01062  1661.06
0.0831764  -1.88496  1664.4
0.0831764  -1.75929  1668.45
0.0831764  -1.63363  1673.22
0.0831764  -1.50796  1678.69
0.0831764  -1.3823  1684.79
0.0831764  -1.25664  1691.42
0.0831764  -1.13097  1698.43
0.0831764  -1.00531  1705.6
0.0831764  -0.879646  1712.74
0.0831764  -0.753982  1719.6
0.0831764  -0.628319  1725.94
0.0831764  -0.502655  1731.51
0.0831764  -0.376991  1736.09
0.0831764  -0.251327  1739.49
0.0831764  -0.125664  1741.55
0.0831764  1.11022e-15  1742.15
0.0831764  0.125664  1741.25
0.0831764  0.251327  1738.83
0.0831764  0.376991  1734.95
0.0831764  0.502655  1729.73
0.0831764  0.628319  1723.32
0.0831764  0.753982  1715.94
0.0831764  0.879646  1707.82
0.0831764  1.00531  1699.24
0.0831764  1.13097  1690.48
0.0831764  1.25664  1681.81
0.0831764  1.3823  1673.52
0.0831764  1.50796  1665.85
0.0831764  1.63363  1658.99
0.0831764  1.75929  1653.12
0.0831764  1.88496  1648.32
0.0831764  2.01062  1644.66
0.0831764  2.13628  1642.1
0.0831764  2.26195  1640.59
0.0831764  2.38761  1639.99
0.0831764  2.51327  1640.16
0.0831764  2.63894  1640.92
0.0831764  2.7646  1642.09
0.0831764  2.89027  1643.51
0.0831764  3.01593  1645.02
