0.25  0.0486009
0.25325  0.000511826
0.2565  0.0298651
0.25975  0.126891
0.263  0.272944
0.26625  0.444592
0.2695  0.617596
0.27275  0.77023
0.276  0.885642
0.27925  0.953146
0.2825  0.968543
0.28575  0.933623
0.289  0.85511
0.29225  0.743267
0.2955  0.610403
0.29875  0.469436
0.302  0.332667
0.30525  0.210811
0.3085  0.11234
0.31175  0.0431209
0.315  0.00632604
0.31825  0.00256054
0.3215  0.0301613
0.32475  0.0856061
0.328  0.163983
0.33125  0.259474
0.3345  0.365822
0.33775  0.476746
0.341  0.586292
0.34425  0.689116
0.3475  0.780682
0.35075  0.857393
0.354  0.916646
0.35725  0.95684
0.3605  0.977322
0.36375  0.978309
0.367  0.960775
0.37025  0.926322
0.3735  0.877047
0.37675  0.815403
0.38  0.744071
0.38325  0.66584
0.3865  0.583493
0.38975  0.499721
0.393  0.417044
0.39625  0.337747
0.3995  0.263842
0.40275  0.197033
0.406  0.138702
0.40925  0.0899058
0.4125  0.0513791
0.41575  0.0235504
0.419  0.00656257
0.42225  0.000298087
0.4255  0.00440888
0.42875  0.0183475
0.432  0.0413995
0.43525  0.0727159
0.4385  0.111345
0.44175  0.15626
0.445  0.206392
0.44825  0.26065
0.4515  0.317947
0.45475  0.377218
0.458  0.437439
0.46125  0.497642
0.4645  0.556923
0.46775  0.614453
0.471  0.669487
0.47425  0.721366
0.4775  0.769518
0.48075  0.813461
0.484  0.852804
0.48725  0.887238
0.4905  0.91654
0.49375  0.940565
0.497  0.959242
0.50025  0.972568
0.5035  0.980602
0.50675  0.983461
0.51  0.98131
0.51325  0.974359
0.5165  0.962856
0.51975  0.94708
0.523  0.927338
0.52625  0.903954
0.5295  0.877271
0.53275  0.847641
0.536  0.815421
0.53925  0.780972
0.5425  0.744654
0.54575  0.706818
0.549  0.667813
0.55225  0.627973
0.5555  0.587621
0.55875  0.547067
0.562  0.506603
0.56525  0.466505
0.5685  0.42703
0.57175  0.388419
0.575  0.35089
0.57825  0.314643
0.5815  0.279859
0.58475  0.2467
0.588  0.215307
0.59125  0.185803
0.5945  0.158295
0.59775  0.132868
0.601  0.109593
0.60425  0.0885249
0.6075  0.0697022
0.61075  0.0531491
0.614  0.0388761
0.61725  0.0268813
0.6205  0.0171504
0.62375  0.0096587
0.627  0.00437108
0.63025  0.00124342
0.6335  0.000223295
0.63675  0.00125087
0.64  0.0042597
0.64325  0.00917753
0.6465  0.0159271
0.64975  0.0244268
0.653  0.0345914
0.65625  0.0463328
0.6595  0.0595605
0.66275  0.0741823
0.666  0.0901046
0.66925  0.107233
0.6725  0.125474
0.67575  0.144733
0.679  0.164916
0.68225  0.185931
0.6855  0.207686
0.68875  0.230091
0.692  0.25306
0.69525  0.276505
0.6985  0.300344
0.70175  0.324495
0.705  0.348881
0.70825  0.373424
0.7115  0.398054
0.71475  0.4227
0.718  0.447295
0.72125  0.471775
0.7245  0.496081
0.72775  0.520155
0.731  0.543942
0.73425  0.567392
0.7375  0.590457
0.74075  0.613092
0.744  0.635256
0.74725  0.656909
0.7505  0.678015
0.75375  0.698543
0.757  0.718462
0.76025  0.737744
0.7635  0.756366
0.76675  0.774305
0.77  0.791541
0.77325  0.808058
0.7765  0.823841
0.77975  0.838878
0.783  0.853158
0.78625  0.866673
0.7895  0.879416
0.79275  0.891384
0.796  0.902574
0.79925  0.912984
0.8025  0.922617
0.80575  0.931473
0.809  0.939557
0.81225  0.946873
0.8155  0.953429
0.81875  0.959231
0.822  0.964288
0.82525  0.96861
0.8285  0.972207
0.83175  0.97509
0.835  0.977273
0.83825  0.978768
0.8415  0.979589
0.84475  0.97975
0.848  0.979266
0.85125  0.978152
0.8545  0.976425
0.85775  0.9741
0.861  0.971194
0.86425  0.967724
0.8675  0.963707
0.87075  0.95916
0.874  0.954101
0.87725  0.948546
0.8805  0.942515
0.88375  0.936025
0.887  0.929092
0.89025  0.921736
0.8935  0.913973
0.89675  0.905821
0.9  0.897298
0.90325  0.888421
0.9065  0.879207
0.90975  0.869674
0.913  0.859837
0.91625  0.849714
0.9195  0.839322
0.92275  0.828675
0.926  0.817791
0.92925  0.806685
0.9325  0.795372
0.93575  0.783868
0.939  0.772187
0.94225  0.760344
0.9455  0.748352
0.94875  0.736227
0.952  0.723982
0.95525  0.711629
0.9585  0.699182
0.96175  0.686654
0.965  0.674056
0.96825  0.661401
0.9715  0.648701
0.97475  0.635966
0.978  0.623207
0.98125  0.610436
0.9845  0.597663
0.98775  0.584897
0.991  0.572148
0.99425  0.559425
0.9975  0.546739
1.00075  0.534096
1.004  0.521506
1.00725  0.508977
1.0105  0.496516
1.01375  0.48413
1.017  0.471828
1.02025  0.459616
1.0235  0.4475
1.02675  0.435487
1.03  0.423583
1.03325  0.411793
1.0365  0.400123
1.03975  0.388578
1.043  0.377163
1.04625  0.365884
1.0495  0.354743
1.05275  0.343746
1.056  0.332896
1.05925  0.322197
1.0625  0.311653
1.06575  0.301267
1.069  0.291043
1.07225  0.280982
1.0755  0.271087
1.07875  0.261362
1.082  0.251808
1.08525  0.242428
1.0885  0.233223
1.09175  0.224196
1.095  0.215347
1.09825  0.206678
1.1015  0.19819
1.10475  0.189886
1.108  0.181764
1.11125  0.173827
1.1145  0.166075
1.11775  0.158508
1.121  0.151127
1.12425  0.143933
1.1275  0.136924
1.13075  0.130102
1.134  0.123467
1.13725  0.117017
1.1405  0.110753
1.14375  0.104675
1.147  0.0987817
1.15025  0.0930727
1.1535  0.0875475
1.15675  0.0822052
1.16  0.077045
1.16325  0.0720661
1.1665  0.0672675
1.16975  0.0626481
1.173  0.0582068
1.17625  0.0539424
1.1795  0.0498537
1.18275  0.0459395
1.186  0.0421983
1.18925  0.0386287
1.1925  0.0352293
1.19575  0.0319986
1.199  0.0289351
1.20225  0.0260371
1.2055  0.0233031
1.20875  0.0207314
1.212  0.0183203
1.21525  0.016068
1.2185  0.0139728
1.22175  0.012033
1.225  0.0102467
1.22825  0.00861211
1.2315  0.00712734
1.23475  0.00579053
1.238  0.00459981
1.24125  0.00355325
1.2445  0.00264894
1.24775  0.00188495
1.251  0.00125932
1.25425  0.000770108
1.2575  0.000415344
1.26075  0.00019306
1.264  0.000101277
1.26725  0.000138015
1.2705  0.00030129
1.27375  0.000589115
1.277  0.000999504
1.28025  0.00153047
1.2835  0.00218003
1.28675  0.00294619
1.29  0.00382699
1.29325  0.00482043
1.2965  0.00592456
1.29975  0.00713741
1.303  0.00845702
1.30625  0.00988144
1.3095  0.0114087
1.31275  0.0130369
1.316  0.0147642
1.31925  0.0165885
1.3225  0.018508
1.32575  0.0205209
1.329  0.0226251
1.33225  0.0248189
1.3355  0.0271005
1.33875  0.0294679
1.342  0.0319193
1.34525  0.034453
1.3485  0.0370671
1.35175  0.0397599
1.355  0.0425295
1.35825  0.0453743
1.3615  0.0482925
1.36475  0.0512823
1.368  0.0543422
1.37125  0.0574704
1.3745  0.0606651
1.37775  0.0639249
1.381  0.067248
1.38425  0.0706329
1.3875  0.0740778
1.39075  0.0775814
1.394  0.0811419
1.39725  0.0847579
1.4005  0.0884278
1.40375  0.0921501
1.407  0.0959233
1.41025  0.099746
1.4135  0.103617
1.41675  0.107534
1.42  0.111496
1.42325  0.115503
1.4265  0.119551
1.42975  0.123641
1.433  0.12777
1.43625  0.131938
1.4395  0.136143
1.44275  0.140383
1.446  0.144658
1.44925  0.148966
1.4525  0.153306
1.45575  0.157678
1.459  0.162078
1.46225  0.166507
1.4655  0.170964
1.46875  0.175446
1.472  0.179954
1.47525  0.184485
1.4785  0.189039
1.48175  0.193615
1.485  0.198212
1.48825  0.202829
1.4915  0.207464
1.49475  0.212116
1.498  0.216785
1.50125  0.22147
1.5045  0.22617
1.50775  0.230884
1.511  0.23561
1.51425  0.240348
1.5175  0.245098
1.52075  0.249857
1.524  0.254626
1.52725  0.259404
1.5305  0.264189
1.53375  0.268981
1.537  0.273779
1.54025  0.278582
1.5435  0.28339
1.54675  0.288202
1.55  0.293016
1.55325  0.297833
1.5565  0.302652
1.55975  0.307471
1.563  0.312291
1.56625  0.31711
1.5695  0.321928
1.57275  0.326744
1.576  0.331558
1.57925  0.336369
1.5825  0.341177
1.58575  0.34598
1.589  0.350778
1.59225  0.355571
1.5955  0.360358
1.59875  0.365139
1.602  0.369913
1.60525  0.374679
1.6085  0.379438
1.61175  0.384187
1.615  0.388928
1.61825  0.39366
1.6215  0.398381
1.62475  0.403092
1.628  0.407793
1.63125  0.412482
1.6345  0.417159
1.63775  0.421824
1.641  0.426477
1.64425  0.431117
1.6475  0.435744
1.65075  0.440357
1.654  0.444957
1.65725  0.449541
1.6605  0.454112
1.66375  0.458667
1.667  0.463207
1.67025  0.467731
1.6735  0.472239
1.67675  0.476731
1.68  0.481206
1.68325  0.485665
1.6865  0.490106
1.68975  0.49453
1.693  0.498937
1.69625  0.503325
1.6995  0.507696
1.70275  0.512047
1.706  0.516381
1.70925  0.520695
1.7125  0.524991
1.71575  0.529267
1.719  0.533523
1.72225  0.53776
1.7255  0.541977
1.72875  0.546174
1.732  0.550351
1.73525  0.554507
1.7385  0.558643
1.74175  0.562758
1.745  0.566852
1.74825  0.570926
1.7515  0.574978
1.75475  0.579008
1.758  0.583017
1.76125  0.587005
1.7645  0.590971
1.76775  0.594915
1.771  0.598837
1.77425  0.602738
1.7775  0.606616
1.78075  0.610472
1.784  0.614305
1.78725  0.618116
1.7905  0.621905
1.79375  0.625671
1.797  0.629415
1.80025  0.633136
1.8035  0.636834
1.80675  0.640509
1.81  0.644161
1.81325  0.647791
1.8165  0.651397
1.81975  0.654981
1.823  0.658541
1.82625  0.662078
1.8295  0.665592
1.83275  0.669083
1.836  0.672551
1.83925  0.675996
1.8425  0.679417
1.84575  0.682815
1.849  0.68619
1.85225  0.689541
1.8555  0.692869
1.85875  0.696174
1.862  0.699456
1.86525  0.702714
1.8685  0.705949
1.87175  0.709161
1.875  0.71235
1.87825  0.715515
1.8815  0.718657
1.88475  0.721776
1.888  0.724871
1.89125  0.727943
1.8945  0.730993
1.89775  0.734019
1.901  0.737021
1.90425  0.740001
1.9075  0.742958
1.91075  0.745892
1.914  0.748802
1.91725  0.75169
1.9205  0.754555
1.92375  0.757397
1.927  0.760216
1.93025  0.763013
1.9335  0.765786
1.93675  0.768537
1.94  0.771266
1.94325  0.773972
1.9465  0.776655
1.94975  0.779316
1.953  0.781954
1.95625  0.78457
1.9595  0.787164
1.96275  0.789736
1.966  0.792285
1.96925  0.794812
1.9725  0.797317
1.97575  0.799801
1.979  0.802262
1.98225  0.804701
1.9855  0.807119
1.98875  0.809515
1.992  0.81189
1.99525  0.814242
1.9985  0.816574
2.00175  0.818884
2.005  0.821172
2.00825  0.82344
2.0115  0.825686
2.01475  0.827911
2.018  0.830115
2.02125  0.832298
2.0245  0.83446
2.02775  0.836602
2.031  0.838723
2.03425  0.840823
2.0375  0.842902
2.04075  0.844961
2.044  0.847
2.04725  0.849019
2.0505  0.851017
2.05375  0.852995
2.057  0.854953
2.06025  0.856892
2.0635  0.85881
2.06675  0.860709
2.07  0.862588
2.07325  0.864447
2.0765  0.866287
2.07975  0.868107
2.083  0.869908
2.08625  0.87169
2.0895  0.873453
2.09275  0.875197
2.096  0.876922
2.09925  0.878628
2.1025  0.880315
2.10575  0.881983
2.109  0.883633
2.11225  0.885265
2.1155  0.886878
2.11875  0.888472
2.122  0.890049
2.12525  0.891607
2.1285  0.893147
2.13175  0.89467
2.135  0.896174
2.13825  0.897661
2.1415  0.89913
2.14475  0.900582
2.148  0.902016
2.15125  0.903433
2.1545  0.904832
2.15775  0.906214
2.161  0.907579
2.16425  0.908928
2.1675  0.910259
2.17075  0.911573
2.174  0.912871
2.17725  0.914152
2.1805  0.915417
2.18375  0.916665
2.187  0.917896
2.19025  0.919112
2.1935  0.920311
2.19675  0.921494
2.2  0.922662
2.20325  0.923813
2.2065  0.924949
2.20975  0.926069
2.213  0.927173
2.21625  0.928262
2.2195  0.929335
2.22275  0.930393
2.226  0.931436
2.22925  0.932464
2.2325  0.933476
2.23575  0.934474
2.239  0.935457
2.24225  0.936425
2.2455  0.937378
2.24875  0.938317
2.252  0.939241
2.25525  0.940151
2.2585  0.941046
2.26175  0.941928
2.265  0.942795
2.26825  0.943648
2.2715  0.944487
2.27475  0.945312
2.278  0.946123
2.28125  0.946921
2.2845  0.947705
2.28775  0.948475
2.291  0.949232
2.29425  0.949976
2.2975  0.950706
2.30075  0.951423
2.304  0.952127
2.30725  0.952819
2.3105  0.953497
2.31375  0.954162
2.317  0.954815
2.32025  0.955454
2.3235  0.956082
2.32675  0.956696
2.33  0.957299
2.33325  0.957889
2.3365  0.958466
2.33975  0.959032
2.343  0.959585
2.34625  0.960127
2.3495  0.960656
2.35275  0.961174
2.356  0.96168
2.35925  0.962174
2.3625  0.962657
2.36575  0.963128
2.369  0.963587
2.37225  0.964036
2.3755  0.964473
2.37875  0.964898
2.382  0.965313
2.38525  0.965717
2.3885  0.966109
2.39175  0.966491
2.395  0.966862
2.39825  0.967222
2.4015  0.967571
2.40475  0.96791
2.408  0.968238
2.41125  0.968556
2.4145  0.968864
2.41775  0.969161
2.421  0.969448
2.42425  0.969724
2.4275  0.969991
2.43075  0.970248
2.434  0.970495
2.43725  0.970732
2.4405  0.970959
2.44375  0.971176
2.447  0.971384
2.45025  0.971582
2.4535  0.971771
2.45675  0.97195
2.46  0.97212
2.46325  0.972281
2.4665  0.972432
2.46975  0.972574
2.473  0.972707
2.47625  0.972831
2.4795  0.972947
2.48275  0.973053
2.486  0.97315
2.48925  0.973239
2.4925  0.973319
2.49575  0.97339
2.499  0.973453
2.50225  0.973508
2.5055  0.973553
2.50875  0.973591
2.512  0.97362
2.51525  0.973641
2.5185  0.973654
2.52175  0.973659
2.525  0.973655
2.52825  0.973644
2.5315  0.973625
2.53475  0.973598
2.538  0.973563
2.54125  0.97352
2.5445  0.97347
2.54775  0.973412
2.551  0.973346
2.55425  0.973273
2.5575  0.973193
2.56075  0.973105
2.564  0.97301
2.56725  0.972908
2.5705  0.972798
2.57375  0.972681
2.577  0.972557
2.58025  0.972426
2.5835  0.972289
2.58675  0.972144
2.59  0.971992
2.59325  0.971834
2.5965  0.971668
2.59975  0.971496
2.603  0.971318
2.60625  0.971133
2.6095  0.970941
2.61275  0.970743
2.616  0.970538
2.61925  0.970327
2.6225  0.97011
2.62575  0.969886
2.629  0.969656
2.63225  0.96942
2.6355  0.969178
2.63875  0.96893
2.642  0.968675
2.64525  0.968415
2.6485  0.968149
2.65175  0.967877
2.655  0.967599
2.65825  0.967315
2.6615  0.967026
2.66475  0.966731
2.668  0.96643
2.67125  0.966124
2.6745  0.965812
2.67775  0.965495
2.681  0.965172
2.68425  0.964844
2.6875  0.964511
2.69075  0.964172
2.694  0.963828
2.69725  0.963479
2.7005  0.963124
2.70375  0.962765
2.707  0.9624
2.71025  0.96203
2.7135  0.961656
2.71675  0.961276
2.72  0.960892
2.72325  0.960503
2.7265  0.960108
2.72975  0.95971
2.733  0.959306
2.73625  0.958898
2.7395  0.958485
2.74275  0.958067
2.746  0.957645
2.74925  0.957218
2.7525  0.956787
2.75575  0.956352
2.759  0.955912
2.76225  0.955467
2.7655  0.955019
2.76875  0.954566
2.772  0.954108
2.77525  0.953647
2.7785  0.953182
2.78175  0.952712
2.785  0.952238
2.78825  0.95176
2.7915  0.951278
2.79475  0.950793
2.798  0.950303
2.80125  0.949809
2.8045  0.949312
2.80775  0.94881
2.811  0.948305
2.81425  0.947796
2.8175  0.947284
2.82075  0.946767
2.824  0.946247
2.82725  0.945724
2.8305  0.945196
2.83375  0.944666
2.837  0.944131
2.84025  0.943594
2.8435  0.943052
2.84675  0.942508
2.85  0.94196
2.85325  0.941409
2.8565  0.940854
2.85975  0.940296
2.863  0.939735
2.86625  0.93917
2.8695  0.938603
2.87275  0.938032
2.876  0.937458
2.87925  0.936881
2.8825  0.936301
2.88575  0.935718
2.889  0.935132
2.89225  0.934543
2.8955  0.933951
2.89875  0.933356
2.902  0.932758
2.90525  0.932158
2.9085  0.931554
2.91175  0.930948
2.915  0.930339
2.91825  0.929727
2.9215  0.929113
2.92475  0.928496
2.928  0.927876
2.93125  0.927254
2.9345  0.926629
2.93775  0.926001
2.941  0.925371
2.94425  0.924739
2.9475  0.924103
2.95075  0.923466
2.954  0.922826
2.95725  0.922184
2.9605  0.921539
2.96375  0.920892
2.967  0.920242
2.97025  0.91959
2.9735  0.918936
2.97675  0.91828
2.98  0.917622
2.98325  0.916961
2.9865  0.916298
2.98975  0.915633
2.993  0.914966
2.99625  0.914296
2.9995  0.913625
3.00275  0.912952
3.006  0.912276
3.00925  0.911599
3.0125  0.910919
3.01575  0.910238
3.019  0.909555
3.02225  0.908869
3.0255  0.908182
3.02875  0.907493
3.032  0.906802
3.03525  0.906109
3.0385  0.905415
3.04175  0.904719
3.045  0.90402
3.04825  0.903321
3.0515  0.902619
3.05475  0.901916
3.058  0.901211
3.06125  0.900504
3.0645  0.899796
3.06775  0.899086
3.071  0.898375
3.07425  0.897662
3.0775  0.896947
3.08075  0.896231
3.084  0.895513
3.08725  0.894794
3.0905  0.894074
3.09375  0.893352
3.097  0.892628
3.10025  0.891903
3.1035  0.891177
3.10675  0.890449
3.11  0.88972
3.11325  0.88899
3.1165  0.888258
3.11975  0.887525
3.123  0.886791
3.12625  0.886055
3.1295  0.885318
3.13275  0.88458
3.136  0.883841
3.13925  0.883101
3.1425  0.882359
3.14575  0.881616
3.149  0.880872
3.15225  0.880127
3.1555  0.879381
3.15875  0.878633
3.162  0.877885
3.16525  0.877135
3.1685  0.876385
3.17175  0.875633
3.175  0.874881
3.17825  0.874127
3.1815  0.873373
3.18475  0.872617
3.188  0.871861
3.19125  0.871103
3.1945  0.870345
3.19775  0.869585
3.201  0.868825
3.20425  0.868064
3.2075  0.867302
3.21075  0.86654
3.214  0.865776
3.21725  0.865012
3.2205  0.864246
3.22375  0.86348
3.227  0.862714
3.23025  0.861946
3.2335  0.861178
3.23675  0.860409
3.24  0.859639
3.24325  0.858869
3.2465  0.858097
3.24975  0.857326
3.253  0.856553
3.25625  0.85578
3.2595  0.855006
3.26275  0.854232
3.266  0.853457
3.26925  0.852681
3.2725  0.851905
3.27575  0.851128
3.279  0.850351
3.28225  0.849573
3.2855  0.848794
3.28875  0.848015
3.292  0.847236
3.29525  0.846456
3.2985  0.845675
3.30175  0.844894
3.305  0.844113
3.30825  0.843331
3.3115  0.842549
3.31475  0.841766
3.318  0.840983
3.32125  0.840199
3.3245  0.839415
3.32775  0.838631
3.331  0.837846
3.33425  0.837061
3.3375  0.836276
3.34075  0.83549
3.344  0.834704
3.34725  0.833917
3.3505  0.83313
3.35375  0.832343
3.357  0.831556
3.36025  0.830768
3.3635  0.82998
3.36675  0.829192
3.37  0.828404
3.37325  0.827615
3.3765  0.826826
3.37975  0.826037
3.383  0.825248
3.38625  0.824458
3.3895  0.823668
3.39275  0.822878
3.396  0.822088
3.39925  0.821298
3.4025  0.820508
3.40575  0.819717
3.409  0.818926
3.41225  0.818136
3.4155  0.817345
3.41875  0.816554
3.422  0.815762
3.42525  0.814971
3.4285  0.81418
3.43175  0.813388
3.435  0.812597
3.43825  0.811805
3.4415  0.811014
3.44475  0.810222
3.448  0.809431
3.45125  0.808639
3.4545  0.807847
3.45775  0.807055
3.461  0.806264
3.46425  0.805472
3.4675  0.80468
3.47075  0.803889
3.474  0.803097
3.47725  0.802306
3.4805  0.801514
3.48375  0.800722
3.487  0.799931
3.49025  0.79914
3.4935  0.798348
3.49675  0.797557
3.5  0.796766
3.50325  0.795975
3.5065  0.795184
3.50975  0.794393
3.513  0.793603
3.51625  0.792812
3.5195  0.792022
3.52275  0.791231
3.526  0.790441
3.52925  0.789651
3.5325  0.788861
3.53575  0.788072
3.539  0.787282
3.54225  0.786493
3.5455  0.785704
3.54875  0.784915
3.552  0.784126
3.55525  0.783337
3.5585  0.782549
3.56175  0.781761
3.565  0.780973
3.56825  0.780185
3.5715  0.779398
3.57475  0.778611
3.578  0.777824
3.58125  0.777037
3.5845  0.77625
3.58775  0.775464
3.591  0.774678
3.59425  0.773893
3.5975  0.773107
3.60075  0.772322
3.604  0.771537
3.60725  0.770753
3.6105  0.769968
3.61375  0.769185
3.617  0.768401
3.62025  0.767618
3.6235  0.766835
3.62675  0.766052
3.63  0.76527
3.63325  0.764488
3.6365  0.763706
3.63975  0.762925
3.643  0.762144
3.64625  0.761363
3.6495  0.760583
3.65275  0.759803
3.656  0.759024
3.65925  0.758245
3.6625  0.757466
3.66575  0.756687
3.669  0.755909
3.67225  0.755132
3.6755  0.754355
3.67875  0.753578
3.682  0.752802
3.68525  0.752026
3.6885  0.75125
3.69175  0.750475
3.695  0.7497
3.69825  0.748926
3.7015  0.748152
3.70475  0.747379
3.708  0.746606
3.71125  0.745833
3.7145  0.745061
3.71775  0.744289
3.721  0.743518
3.72425  0.742747
3.7275  0.741977
3.73075  0.741207
3.734  0.740438
3.73725  0.739669
3.7405  0.738901
3.74375  0.738133
3.747  0.737365
3.75025  0.736598
3.7535  0.735832
3.75675  0.735066
3.76  0.734301
3.76325  0.733536
3.7665  0.732771
3.76975  0.732007
3.773  0.731244
3.77625  0.730481
3.7795  0.729719
3.78275  0.728957
3.786  0.728195
3.78925  0.727435
3.7925  0.726674
3.79575  0.725915
3.799  0.725155
3.80225  0.724397
3.8055  0.723639
3.80875  0.722881
3.812  0.722124
3.81525  0.721367
3.8185  0.720612
3.82175  0.719856
3.825  0.719101
3.82825  0.718347
3.8315  0.717593
3.83475  0.71684
3.838  0.716088
3.84125  0.715336
3.8445  0.714584
3.84775  0.713834
3.851  0.713083
3.85425  0.712334
3.8575  0.711585
3.86075  0.710836
3.864  0.710088
3.86725  0.709341
3.8705  0.708594
3.87375  0.707848
3.877  0.707103
3.88025  0.706358
3.8835  0.705613
3.88675  0.70487
3.89  0.704127
3.89325  0.703384
3.8965  0.702642
3.89975  0.701901
3.903  0.701161
3.90625  0.700421
3.9095  0.699681
3.91275  0.698943
3.916  0.698204
3.91925  0.697467
3.9225  0.69673
3.92575  0.695994
3.929  0.695258
3.93225  0.694523
3.9355  0.693789
3.93875  0.693055
3.942  0.692322
3.94525  0.69159
3.9485  0.690858
3.95175  0.690127
3.955  0.689397
3.95825  0.688667
3.9615  0.687938
3.96475  0.687209
3.968  0.686482
3.97125  0.685754
3.9745  0.685028
3.97775  0.684302
3.981  0.683577
3.98425  0.682852
3.9875  0.682129
3.99075  0.681405
3.994  0.680683
3.99725  0.679961
4.0005  0.67924
4.00375  0.678519
4.007  0.6778
4.01025  0.67708
4.0135  0.676362
4.01675  0.675644
4.02  0.674927
4.02325  0.674211
4.0265  0.673495
4.02975  0.67278
4.033  0.672066
4.03625  0.671352
4.0395  0.670639
4.04275  0.669927
4.046  0.669215
4.04925  0.668504
4.0525  0.667794
4.05575  0.667084
4.059  0.666376
4.06225  0.665667
4.0655  0.66496
4.06875  0.664253
4.072  0.663547
4.07525  0.662842
4.0785  0.662137
4.08175  0.661433
4.085  0.66073
4.08825  0.660028
4.0915  0.659326
4.09475  0.658625
4.098  0.657924
4.10125  0.657225
4.1045  0.656526
4.10775  0.655827
4.111  0.65513
4.11425  0.654433
4.1175  0.653737
4.12075  0.653042
4.124  0.652347
4.12725  0.651653
4.1305  0.65096
4.13375  0.650267
4.137  0.649575
4.14025  0.648884
4.1435  0.648194
4.14675  0.647504
4.15  0.646815
4.15325  0.646127
4.1565  0.64544
4.15975  0.644753
4.163  0.644067
4.16625  0.643381
4.1695  0.642697
4.17275  0.642013
4.176  0.64133
4.17925  0.640647
4.1825  0.639966
4.18575  0.639285
4.189  0.638604
4.19225  0.637925
4.1955  0.637246
4.19875  0.636568
4.202  0.635891
4.20525  0.635214
4.2085  0.634538
4.21175  0.633863
4.215  0.633189
4.21825  0.632515
4.2215  0.631842
4.22475  0.63117
4.228  0.630499
4.23125  0.629828
4.2345  0.629158
4.23775  0.628489
4.241  0.62782
4.24425  0.627153
4.2475  0.626486
4.25075  0.625819
4.254  0.625154
4.25725  0.624489
4.2605  0.623825
4.26375  0.623162
4.267  0.622499
4.27025  0.621837
4.2735  0.621176
4.27675  0.620516
4.28  0.619856
4.28325  0.619197
4.2865  0.618539
4.28975  0.617881
4.293  0.617225
4.29625  0.616569
4.2995  0.615914
4.30275  0.615259
4.306  0.614605
4.30925  0.613952
4.3125  0.6133
4.31575  0.612649
4.319  0.611998
4.32225  0.611348
4.3255  0.610699
4.32875  0.61005
4.332  0.609402
4.33525  0.608755
4.3385  0.608109
4.34175  0.607463
4.345  0.606819
4.34825  0.606175
4.3515  0.605531
4.35475  0.604889
4.358  0.604247
4.36125  0.603606
4.3645  0.602965
4.36775  0.602326
4.371  0.601687
4.37425  0.601049
4.3775  0.600411
4.38075  0.599775
4.384  0.599139
4.38725  0.598504
4.3905  0.597869
4.39375  0.597236
4.397  0.596603
4.40025  0.59597
4.4035  0.595339
4.40675  0.594708
4.41  0.594078
4.41325  0.593449
4.4165  0.592821
4.41975  0.592193
4.423  0.591566
4.42625  0.59094
4.4295  0.590314
4.43275  0.589689
4.436  0.589065
4.43925  0.588442
4.4425  0.587819
4.44575  0.587198
4.449  0.586577
4.45225  0.585956
4.4555  0.585337
4.45875  0.584718
4.462  0.5841
4.46525  0.583482
4.4685  0.582866
4.47175  0.58225
4.475  0.581635
4.47825  0.58102
4.4815  0.580406
4.48475  0.579793
4.488  0.579181
4.49125  0.57857
4.4945  0.577959
4.49775  0.577349
4.501  0.57674
4.50425  0.576131
4.5075  0.575523
4.51075  0.574916
4.514  0.57431
4.51725  0.573704
4.5205  0.5731
4.52375  0.572495
4.527  0.571892
4.53025  0.571289
4.5335  0.570687
4.53675  0.570086
4.54  0.569486
4.54325  0.568886
4.5465  0.568287
4.54975  0.567689
4.553  0.567091
4.55625  0.566494
4.5595  0.565898
4.56275  0.565303
4.566  0.564708
4.56925  0.564115
4.5725  0.563521
4.57575  0.562929
4.579  0.562337
4.58225  0.561746
4.5855  0.561156
4.58875  0.560566
4.592  0.559978
4.59525  0.55939
4.5985  0.558802
4.60175  0.558216
4.605  0.55763
4.60825  0.557045
4.6115  0.55646
4.61475  0.555876
4.618  0.555293
4.62125  0.554711
4.6245  0.55413
4.62775  0.553549
4.631  0.552969
4.63425  0.552389
4.6375  0.55181
4.64075  0.551233
4.644  0.550655
4.64725  0.550079
4.6505  0.549503
4.65375  0.548928
4.657  0.548353
4.66025  0.54778
4.6635  0.547207
4.66675  0.546635
4.67  0.546063
4.67325  0.545492
4.6765  0.544922
4.67975  0.544353
4.683  0.543784
4.68625  0.543216
4.6895  0.542649
4.69275  0.542082
4.696  0.541517
4.69925  0.540952
4.7025  0.540387
4.70575  0.539823
4.709  0.539261
4.71225  0.538698
4.7155  0.538137
4.71875  0.537576
4.722  0.537016
4.72525  0.536456
4.7285  0.535897
4.73175  0.535339
4.735  0.534782
4.73825  0.534225
4.7415  0.53367
4.74475  0.533114
4.748  0.53256
4.75125  0.532006
4.7545  0.531453
4.75775  0.5309
4.761  0.530349
4.76425  0.529798
4.7675  0.529247
4.77075  0.528698
4.774  0.528149
4.77725  0.5276
4.7805  0.527053
4.78375  0.526506
4.787  0.52596
4.79025  0.525414
4.7935  0.52487
4.79675  0.524326
4.8  0.523782
4.80325  0.52324
4.8065  0.522697
4.80975  0.522156
4.813  0.521616
4.81625  0.521076
4.8195  0.520536
4.82275  0.519998
4.826  0.51946
4.82925  0.518923
4.8325  0.518386
4.83575  0.51785
4.839  0.517315
4.84225  0.516781
4.8455  0.516247
4.84875  0.515714
4.852  0.515181
4.85525  0.51465
4.8585  0.514119
4.86175  0.513588
4.865  0.513059
4.86825  0.51253
4.8715  0.512001
4.87475  0.511474
4.878  0.510947
4.88125  0.51042
4.8845  0.509895
4.88775  0.50937
4.891  0.508845
4.89425  0.508322
4.8975  0.507799
4.90075  0.507277
4.904  0.506755
4.90725  0.506234
4.9105  0.505714
4.91375  0.505194
4.917  0.504675
4.92025  0.504157
4.9235  0.503639
4.92675  0.503122
4.93  0.502606
4.93325  0.502091
4.9365  0.501576
4.93975  0.501061
4.943  0.500548
4.94625  0.500035
4.9495  0.499522
4.95275  0.499011
4.956  0.4985
4.95925  0.497989
4.9625  0.49748
4.96575  0.496971
4.969  0.496462
4.97225  0.495955
4.9755  0.495448
4.97875  0.494941
4.982  0.494436
4.98525  0.493931
4.9885  0.493426
4.99175  0.492922
4.995  0.492419
4.99825  0.491917
5.0015  0.491415
5.00475  0.490914
5.008  0.490413
5.01125  0.489913
5.0145  0.489414
5.01775  0.488916
5.021  0.488418
5.02425  0.48792
5.0275  0.487424
5.03075  0.486928
5.034  0.486432
5.03725  0.485937
5.0405  0.485443
5.04375  0.48495
5.047  0.484457
5.05025  0.483965
5.0535  0.483473
5.05675  0.482983
5.06  0.482492
5.06325  0.482003
5.0665  0.481514
5.06975  0.481025
5.073  0.480538
5.07625  0.48005
5.0795  0.479564
5.08275  0.479078
5.086  0.478593
5.08925  0.478108
5.0925  0.477624
5.09575  0.477141
5.099  0.476658
5.10225  0.476176
5.1055  0.475695
5.10875  0.475214
5.112  0.474734
5.11525  0.474254
5.1185  0.473775
5.12175  0.473297
5.125  0.472819
5.12825  0.472342
5.1315  0.471866
5.13475  0.47139
5.138  0.470915
5.14125  0.47044
5.1445  0.469966
5.14775  0.469493
5.151  0.46902
5.15425  0.468548
5.1575  0.468076
5.16075  0.467605
5.164  0.467135
5.16725  0.466665
5.1705  0.466196
5.17375  0.465728
5.177  0.46526
5.18025  0.464793
5.1835  0.464326
5.18675  0.46386
5.19  0.463395
5.19325  0.46293
5.1965  0.462466
5.19975  0.462002
5.203  0.461539
5.20625  0.461076
5.2095  0.460615
5.21275  0.460153
5.216  0.459693
5.21925  0.459233
5.2225  0.458773
5.22575  0.458315
5.229  0.457856
5.23225  0.457399
5.2355  0.456942
5.23875  0.456485
5.242  0.456029
5.24525  0.455574
5.2485  0.455119
5.25175  0.454665
5.255  0.454212
5.25825  0.453759
5.2615  0.453307
5.26475  0.452855
5.268  0.452404
5.27125  0.451953
5.2745  0.451503
5.27775  0.451054
5.281  0.450605
5.28425  0.450157
5.2875  0.44971
5.29075  0.449262
5.294  0.448816
5.29725  0.44837
5.3005  0.447925
5.30375  0.44748
5.307  0.447036
5.31025  0.446593
5.3135  0.44615
5.31675  0.445707
5.32  0.445265
5.32325  0.444824
5.3265  0.444383
5.32975  0.443943
5.333  0.443504
5.33625  0.443065
5.3395  0.442627
5.34275  0.442189
5.346  0.441751
5.34925  0.441315
5.3525  0.440879
5.35575  0.440443
5.359  0.440008
5.36225  0.439574
5.3655  0.43914
5.36875  0.438707
5.372  0.438274
5.37525  0.437842
5.3785  0.43741
5.38175  0.436979
5.385  0.436549
5.38825  0.436119
5.3915  0.43569
5.39475  0.435261
5.398  0.434833
5.40125  0.434405
5.4045  0.433978
5.40775  0.433551
5.411  0.433125
5.41425  0.4327
5.4175  0.432275
5.42075  0.431851
5.424  0.431427
5.42725  0.431004
5.4305  0.430581
5.43375  0.430159
5.437  0.429737
5.44025  0.429316
5.4435  0.428896
5.44675  0.428476
5.45  0.428056
5.45325  0.427638
5.4565  0.427219
5.45975  0.426801
5.463  0.426384
5.46625  0.425968
5.4695  0.425551
5.47275  0.425136
5.476  0.424721
5.47925  0.424306
5.4825  0.423892
5.48575  0.423479
5.489  0.423066
5.49225  0.422654
5.4955  0.422242
5.49875  0.42183
5.502  0.42142
5.50525  0.421009
5.5085  0.4206
5.51175  0.420191
5.515  0.419782
5.51825  0.419374
5.5215  0.418966
5.52475  0.418559
5.528  0.418153
5.53125  0.417747
5.5345  0.417341
5.53775  0.416936
5.541  0.416532
5.54425  0.416128
5.5475  0.415725
5.55075  0.415322
5.554  0.41492
5.55725  0.414518
5.5605  0.414117
5.56375  0.413716
5.567  0.413316
5.57025  0.412916
5.5735  0.412517
5.57675  0.412118
5.58  0.41172
5.58325  0.411322
5.5865  0.410925
5.58975  0.410528
5.593  0.410132
5.59625  0.409737
5.5995  0.409342
5.60275  0.408947
5.606  0.408553
5.60925  0.408159
5.6125  0.407766
5.61575  0.407374
5.619  0.406982
5.62225  0.40659
5.6255  0.406199
5.62875  0.405809
5.632  0.405419
5.63525  0.405029
5.6385  0.40464
5.64175  0.404252
5.645  0.403864
5.64825  0.403477
5.6515  0.40309
5.65475  0.402703
5.658  0.402317
5.66125  0.401932
5.6645  0.401547
5.66775  0.401162
5.671  0.400778
5.67425  0.400395
5.6775  0.400012
5.68075  0.399629
5.684  0.399247
5.68725  0.398866
5.6905  0.398485
5.69375  0.398104
5.697  0.397724
5.70025  0.397345
5.7035  0.396965
5.70675  0.396587
5.71  0.396209
5.71325  0.395831
5.7165  0.395454
5.71975  0.395078
5.723  0.394701
5.72625  0.394326
5.7295  0.393951
5.73275  0.393576
5.736  0.393202
5.73925  0.392828
5.7425  0.392455
5.74575  0.392082
5.749  0.39171
5.75225  0.391338
5.7555  0.390967
5.75875  0.390596
5.762  0.390225
5.76525  0.389856
5.7685  0.389486
5.77175  0.389117
5.775  0.388749
5.77825  0.388381
5.7815  0.388013
5.78475  0.387646
5.788  0.38728
5.79125  0.386914
5.7945  0.386548
5.79775  0.386183
5.801  0.385818
5.80425  0.385454
5.8075  0.38509
5.81075  0.384727
5.814  0.384364
5.81725  0.384002
5.8205  0.38364
5.82375  0.383278
5.827  0.382917
5.83025  0.382557
5.8335  0.382197
5.83675  0.381837
5.84  0.381478
5.84325  0.38112
5.8465  0.380761
5.84975  0.380404
5.853  0.380046
5.85625  0.37969
5.8595  0.379333
5.86275  0.378977
5.866  0.378622
5.86925  0.378267
5.8725  0.377912
5.87575  0.377558
5.879  0.377205
5.88225  0.376851
5.8855  0.376499
5.88875  0.376146
5.892  0.375795
5.89525  0.375443
5.8985  0.375092
5.90175  0.374742
5.905  0.374392
5.90825  0.374042
5.9115  0.373693
5.91475  0.373344
5.918  0.372996
5.92125  0.372648
5.9245  0.372301
5.92775  0.371954
5.931  0.371608
5.93425  0.371262
5.9375  0.370916
5.94075  0.370571
5.944  0.370226
5.94725  0.369882
5.9505  0.369538
5.95375  0.369195
5.957  0.368852
5.96025  0.368509
5.9635  0.368167
5.96675  0.367826
5.97  0.367484
5.97325  0.367144
5.9765  0.366803
5.97975  0.366463
5.983  0.366124
5.98625  0.365785
5.9895  0.365446
5.99275  0.365108
5.996  0.36477
5.99925  0.364433
6.0025  0.364096
6.00575  0.36376
6.009  0.363424
6.01225  0.363088
6.0155  0.362753
6.01875  0.362418
6.022  0.362084
6.02525  0.36175
6.0285  0.361416
6.03175  0.361083
6.035  0.360751
6.03825  0.360418
6.0415  0.360087
6.04475  0.359755
6.048  0.359424
6.05125  0.359094
6.0545  0.358764
6.05775  0.358434
6.061  0.358105
6.06425  0.357776
6.0675  0.357447
6.07075  0.357119
6.074  0.356792
6.07725  0.356465
6.0805  0.356138
6.08375  0.355811
6.087  0.355485
6.09025  0.35516
6.0935  0.354835
6.09675  0.35451
6.1  0.354186
6.10325  0.353862
6.1065  0.353538
6.10975  0.353215
6.113  0.352893
6.11625  0.35257
6.1195  0.352248
6.12275  0.351927
6.126  0.351606
6.12925  0.351285
6.1325  0.350965
6.13575  0.350645
6.139  0.350326
6.14225  0.350007
6.1455  0.349688
6.14875  0.34937
6.152  0.349052
6.15525  0.348735
6.1585  0.348418
6.16175  0.348101
6.165  0.347785
6.16825  0.347469
6.1715  0.347153
6.17475  0.346838
6.178  0.346524
6.18125  0.346209
6.1845  0.345896
6.18775  0.345582
6.191  0.345269
6.19425  0.344956
6.1975  0.344644
6.20075  0.344332
6.204  0.344021
6.20725  0.34371
6.2105  0.343399
6.21375  0.343088
6.217  0.342779
6.22025  0.342469
6.2235  0.34216
6.22675  0.341851
6.23  0.341543
6.23325  0.341235
6.2365  0.340927
6.23975  0.34062
6.243  0.340313
6.24625  0.340006
6.2495  0.3397
6.25275  0.339395
6.256  0.339089
6.25925  0.338784
6.2625  0.33848
6.26575  0.338176
6.269  0.337872
6.27225  0.337568
6.2755  0.337265
6.27875  0.336963
6.282  0.336661
6.28525  0.336359
6.2885  0.336057
6.29175  0.335756
6.295  0.335455
6.29825  0.335155
6.3015  0.334855
6.30475  0.334555
6.308  0.334256
6.31125  0.333957
6.3145  0.333658
6.31775  0.33336
6.321  0.333062
6.32425  0.332765
6.3275  0.332468
6.33075  0.332171
6.334  0.331875
6.33725  0.331579
6.3405  0.331283
6.34375  0.330988
6.347  0.330693
6.35025  0.330399
6.3535  0.330105
6.35675  0.329811
6.36  0.329518
6.36325  0.329225
6.3665  0.328932
6.36975  0.32864
6.373  0.328348
6.37625  0.328056
6.3795  0.327765
6.38275  0.327474
6.386  0.327184
6.38925  0.326894
6.3925  0.326604
6.39575  0.326314
6.399  0.326025
6.40225  0.325737
6.4055  0.325448
6.40875  0.32516
6.412  0.324873
6.41525  0.324585
6.4185  0.324298
6.42175  0.324012
6.425  0.323726
6.42825  0.32344
6.4315  0.323154
6.43475  0.322869
6.438  0.322584
6.44125  0.3223
6.4445  0.322016
6.44775  0.321732
6.451  0.321449
6.45425  0.321166
6.4575  0.320883
6.46075  0.320601
6.464  0.320319
6.46725  0.320037
6.4705  0.319756
6.47375  0.319475
6.477  0.319194
6.48025  0.318914
6.4835  0.318634
6.48675  0.318354
6.49  0.318075
6.49325  0.317796
6.4965  0.317518
6.49975  0.31724
6.503  0.316962
6.50625  0.316684
6.5095  0.316407
6.51275  0.31613
6.516  0.315854
6.51925  0.315578
6.5225  0.315302
6.52575  0.315026
6.529  0.314751
6.53225  0.314476
6.5355  0.314202
6.53875  0.313928
6.542  0.313654
6.54525  0.31338
6.5485  0.313107
6.55175  0.312834
6.555  0.312562
6.55825  0.31229
6.5615  0.312018
6.56475  0.311747
6.568  0.311475
6.57125  0.311205
6.5745  0.310934
6.57775  0.310664
6.581  0.310394
6.58425  0.310125
6.5875  0.309856
6.59075  0.309587
6.594  0.309318
6.59725  0.30905
6.6005  0.308782
6.60375  0.308515
6.607  0.308247
6.61025  0.307981
6.6135  0.307714
6.61675  0.307448
6.62  0.307182
6.62325  0.306916
6.6265  0.306651
6.62975  0.306386
6.633  0.306122
6.63625  0.305857
6.6395  0.305593
6.64275  0.30533
6.646  0.305066
6.64925  0.304803
6.6525  0.304541
6.65575  0.304278
6.659  0.304016
6.66225  0.303755
6.6655  0.303493
6.66875  0.303232
6.672  0.302971
6.67525  0.302711
6.6785  0.302451
6.68175  0.302191
6.685  0.301931
6.68825  0.301672
6.6915  0.301413
6.69475  0.301155
6.698  0.300896
6.70125  0.300638
6.7045  0.300381
6.70775  0.300123
6.711  0.299866
6.71425  0.29961
6.7175  0.299353
6.72075  0.299097
6.724  0.298841
6.72725  0.298586
6.7305  0.298331
6.73375  0.298076
6.737  0.297821
6.74025  0.297567
6.7435  0.297313
6.74675  0.29706
6.75  0.296806
6.75325  0.296553
6.7565  0.296301
6.75975  0.296048
6.763  0.295796
6.76625  0.295544
6.7695  0.295293
6.77275  0.295042
6.776  0.294791
6.77925  0.29454
6.7825  0.29429
6.78575  0.29404
6.789  0.29379
6.79225  0.293541
6.7955  0.293292
6.79875  0.293043
6.802  0.292794
6.80525  0.292546
6.8085  0.292298
6.81175  0.292051
6.815  0.291803
6.81825  0.291556
6.8215  0.29131
6.82475  0.291063
6.828  0.290817
6.83125  0.290571
6.8345  0.290326
6.83775  0.29008
6.841  0.289836
6.84425  0.289591
6.8475  0.289346
6.85075  0.289102
6.854  0.288859
6.85725  0.288615
6.8605  0.288372
6.86375  0.288129
6.867  0.287886
6.87025  0.287644
6.8735  0.287402
6.87675  0.28716
6.88  0.286919
6.88325  0.286678
6.8865  0.286437
6.88975  0.286196
6.893  0.285956
6.89625  0.285716
6.8995  0.285476
6.90275  0.285237
6.906  0.284997
6.90925  0.284758
6.9125  0.28452
6.91575  0.284282
6.919  0.284044
6.92225  0.283806
6.9255  0.283568
6.92875  0.283331
6.932  0.283094
6.93525  0.282858
6.9385  0.282621
6.94175  0.282385
6.945  0.282149
6.94825  0.281914
6.9515  0.281679
6.95475  0.281444
6.958  0.281209
6.96125  0.280974
6.9645  0.28074
6.96775  0.280507
6.971  0.280273
6.97425  0.28004
6.9775  0.279807
6.98075  0.279574
6.984  0.279341
6.98725  0.279109
6.9905  0.278877
6.99375  0.278646
6.997  0.278414
7.00025  0.278183
7.0035  0.277952
7.00675  0.277722
7.01  0.277491
7.01325  0.277261
7.0165  0.277032
7.01975  0.276802
7.023  0.276573
7.02625  0.276344
7.0295  0.276115
7.03275  0.275887
7.036  0.275659
7.03925  0.275431
7.0425  0.275203
7.04575  0.274976
7.049  0.274749
7.05225  0.274522
7.0555  0.274296
7.05875  0.27407
7.062  0.273844
7.06525  0.273618
7.0685  0.273392
7.07175  0.273167
7.075  0.272942
7.07825  0.272718
7.0815  0.272493
7.08475  0.272269
7.088  0.272045
7.09125  0.271821
7.0945  0.271598
7.09775  0.271375
7.101  0.271152
7.10425  0.27093
7.1075  0.270707
7.11075  0.270485
7.114  0.270263
7.11725  0.270042
7.1205  0.269821
7.12375  0.2696
7.127  0.269379
7.13025  0.269158
7.1335  0.268938
7.13675  0.268718
7.14  0.268498
7.14325  0.268279
7.1465  0.26806
7.14975  0.267841
7.153  0.267622
7.15625  0.267403
7.1595  0.267185
7.16275  0.266967
7.166  0.26675
7.16925  0.266532
7.1725  0.266315
7.17575  0.266098
7.179  0.265881
7.18225  0.265665
7.1855  0.265449
7.18875  0.265233
7.192  0.265017
7.19525  0.264802
7.1985  0.264586
7.20175  0.264372
7.205  0.264157
7.20825  0.263942
7.2115  0.263728
7.21475  0.263514
7.218  0.263301
7.22125  0.263087
7.2245  0.262874
7.22775  0.262661
7.231  0.262448
7.23425  0.262236
7.2375  0.262024
7.24075  0.261812
7.244  0.2616
7.24725  0.261388
7.2505  0.261177
7.25375  0.260966
7.257  0.260755
7.26025  0.260545
7.2635  0.260335
7.26675  0.260125
7.27  0.259915
7.27325  0.259705
7.2765  0.259496
7.27975  0.259287
7.283  0.259078
7.28625  0.25887
7.2895  0.258661
7.29275  0.258453
7.296  0.258245
7.29925  0.258038
7.3025  0.25783
7.30575  0.257623
7.309  0.257416
7.31225  0.25721
7.3155  0.257003
7.31875  0.256797
7.322  0.256591
7.32525  0.256385
7.3285  0.25618
7.33175  0.255975
7.335  0.25577
7.33825  0.255565
7.3415  0.25536
7.34475  0.255156
7.348  0.254952
7.35125  0.254748
7.3545  0.254544
7.35775  0.254341
7.361  0.254138
7.36425  0.253935
7.3675  0.253732
7.37075  0.25353
7.374  0.253328
7.37725  0.253126
7.3805  0.252924
7.38375  0.252722
7.387  0.252521
7.39025  0.25232
7.3935  0.252119
7.39675  0.251918
7.4  0.251718
7.40325  0.251518
7.4065  0.251318
7.40975  0.251118
7.413  0.250919
7.41625  0.25072
7.4195  0.250521
7.42275  0.250322
7.426  0.250123
7.42925  0.249925
7.4325  0.249727
7.43575  0.249529
7.439  0.249331
7.44225  0.249134
7.4455  0.248937
7.44875  0.24874
7.452  0.248543
7.45525  0.248346
7.4585  0.24815
7.46175  0.247954
7.465  0.247758
7.46825  0.247562
7.4715  0.247367
7.47475  0.247172
7.478  0.246977
7.48125  0.246782
7.4845  0.246587
7.48775  0.246393
7.491  0.246199
7.49425  0.246005
7.4975  0.245811
7.50075  0.245618
7.504  0.245425
7.50725  0.245232
7.5105  0.245039
7.51375  0.244846
7.517  0.244654
7.52025  0.244462
7.5235  0.24427
7.52675  0.244078
7.53  0.243886
7.53325  0.243695
7.5365  0.243504
7.53975  0.243313
7.543  0.243123
7.54625  0.242932
7.5495  0.242742
7.55275  0.242552
7.556  0.242362
7.55925  0.242173
7.5625  0.241983
7.56575  0.241794
7.569  0.241605
7.57225  0.241416
7.5755  0.241228
7.57875  0.24104
7.582  0.240852
7.58525  0.240664
7.5885  0.240476
7.59175  0.240289
7.595  0.240101
7.59825  0.239914
7.6015  0.239727
7.60475  0.239541
7.608  0.239354
7.61125  0.239168
7.6145  0.238982
7.61775  0.238796
7.621  0.238611
7.62425  0.238425
7.6275  0.23824
7.63075  0.238055
7.634  0.237871
7.63725  0.237686
7.6405  0.237502
7.64375  0.237317
7.647  0.237134
7.65025  0.23695
7.6535  0.236766
7.65675  0.236583
7.66  0.2364
7.66325  0.236217
7.6665  0.236034
7.66975  0.235852
7.673  0.235669
7.67625  0.235487
7.6795  0.235305
7.68275  0.235124
7.686  0.234942
7.68925  0.234761
7.6925  0.23458
7.69575  0.234399
7.699  0.234218
7.70225  0.234038
7.7055  0.233858
7.70875  0.233677
7.712  0.233498
7.71525  0.233318
7.7185  0.233138
7.72175  0.232959
7.725  0.23278
7.72825  0.232601
7.7315  0.232422
7.73475  0.232244
7.738  0.232066
7.74125  0.231887
7.7445  0.23171
7.74775  0.231532
7.751  0.231354
7.75425  0.231177
7.7575  0.231
7.76075  0.230823
7.764  0.230646
7.76725  0.23047
7.7705  0.230293
7.77375  0.230117
7.777  0.229941
7.78025  0.229765
7.7835  0.22959
7.78675  0.229415
7.79  0.229239
7.79325  0.229064
7.7965  0.22889
7.79975  0.228715
7.803  0.228541
7.80625  0.228366
7.8095  0.228192
7.81275  0.228018
7.816  0.227845
7.81925  0.227671
7.8225  0.227498
7.82575  0.227325
7.829  0.227152
7.83225  0.226979
7.8355  0.226807
7.83875  0.226635
7.842  0.226462
7.84525  0.226291
7.8485  0.226119
7.85175  0.225947
7.855  0.225776
7.85825  0.225605
7.8615  0.225434
7.86475  0.225263
7.868  0.225092
7.87125  0.224922
7.8745  0.224751
7.87775  0.224581
7.881  0.224411
7.88425  0.224242
7.8875  0.224072
7.89075  0.223903
7.894  0.223734
7.89725  0.223565
7.9005  0.223396
7.90375  0.223227
7.907  0.223059
7.91025  0.222891
7.9135  0.222723
7.91675  0.222555
7.92  0.222387
7.92325  0.22222
7.9265  0.222052
7.92975  0.221885
7.933  0.221718
7.93625  0.221552
7.9395  0.221385
7.94275  0.221219
7.946  0.221052
7.94925  0.220886
7.9525  0.22072
7.95575  0.220555
7.959  0.220389
7.96225  0.220224
7.9655  0.220059
7.96875  0.219894
7.972  0.219729
7.97525  0.219564
7.9785  0.2194
7.98175  0.219236
7.985  0.219072
7.98825  0.218908
7.9915  0.218744
7.99475  0.21858
7.998  0.218417
8.00125  0.218254
8.0045  0.218091
8.00775  0.217928
8.011  0.217765
8.01425  0.217603
8.0175  0.21744
8.02075  0.217278
8.024  0.217116
8.02725  0.216955
8.0305  0.216793
8.03375  0.216631
8.037  0.21647
8.04025  0.216309
8.0435  0.216148
8.04675  0.215987
8.05  0.215827
8.05325  0.215666
8.0565  0.215506
8.05975  0.215346
8.063  0.215186
8.06625  0.215026
8.0695  0.214867
8.07275  0.214708
8.076  0.214548
8.07925  0.214389
8.0825  0.21423
8.08575  0.214072
8.089  0.213913
8.09225  0.213755
8.0955  0.213597
8.09875  0.213439
8.102  0.213281
8.10525  0.213123
8.1085  0.212966
8.11175  0.212808
8.115  0.212651
8.11825  0.212494
8.1215  0.212337
8.12475  0.212181
8.128  0.212024
8.13125  0.211868
8.1345  0.211712
8.13775  0.211556
8.141  0.2114
8.14425  0.211244
8.1475  0.211089
8.15075  0.210933
8.154  0.210778
8.15725  0.210623
8.1605  0.210468
8.16375  0.210313
8.167  0.210159
8.17025  0.210005
8.1735  0.20985
8.17675  0.209696
8.18  0.209543
8.18325  0.209389
8.1865  0.209235
8.18975  0.209082
8.193  0.208929
8.19625  0.208776
8.1995  0.208623
8.20275  0.20847
8.206  0.208317
8.20925  0.208165
8.2125  0.208013
8.21575  0.207861
8.219  0.207709
8.22225  0.207557
8.2255  0.207406
8.22875  0.207254
8.232  0.207103
8.23525  0.206952
8.2385  0.206801
8.24175  0.20665
8.245  0.206499
8.24825  0.206349
8.2515  0.206199
8.25475  0.206048
8.258  0.205898
8.26125  0.205749
8.2645  0.205599
8.26775  0.205449
8.271  0.2053
8.27425  0.205151
8.2775  0.205002
8.28075  0.204853
8.284  0.204704
8.28725  0.204555
8.2905  0.204407
8.29375  0.204259
8.297  0.204111
8.30025  0.203963
8.3035  0.203815
8.30675  0.203667
8.31  0.20352
8.31325  0.203372
8.3165  0.203225
8.31975  0.203078
8.323  0.202931
8.32625  0.202785
8.3295  0.202638
8.33275  0.202492
8.336  0.202345
8.33925  0.202199
8.3425  0.202053
8.34575  0.201907
8.349  0.201762
8.35225  0.201616
8.3555  0.201471
8.35875  0.201326
8.362  0.201181
8.36525  0.201036
8.3685  0.200891
8.37175  0.200747
8.375  0.200602
8.37825  0.200458
8.3815  0.200314
8.38475  0.20017
8.388  0.200026
8.39125  0.199882
8.3945  0.199739
8.39775  0.199595
8.401  0.199452
8.40425  0.199309
8.4075  0.199166
8.41075  0.199023
8.414  0.198881
8.41725  0.198738
8.4205  0.198596
8.42375  0.198454
8.427  0.198311
8.43025  0.19817
8.4335  0.198028
8.43675  0.197886
8.44  0.197745
8.44325  0.197603
8.4465  0.197462
8.44975  0.197321
8.453  0.19718
8.45625  0.19704
8.4595  0.196899
8.46275  0.196759
8.466  0.196618
8.46925  0.196478
8.4725  0.196338
8.47575  0.196198
8.479  0.196059
8.48225  0.195919
8.4855  0.19578
8.48875  0.19564
8.492  0.195501
8.49525  0.195362
8.4985  0.195223
8.50175  0.195085
8.505  0.194946
8.50825  0.194808
8.5115  0.194669
8.51475  0.194531
8.518  0.194393
8.52125  0.194255
8.5245  0.194118
8.52775  0.19398
8.531  0.193843
8.53425  0.193705
8.5375  0.193568
8.54075  0.193431
8.544  0.193294
8.54725  0.193158
8.5505  0.193021
8.55375  0.192885
8.557  0.192748
8.56025  0.192612
8.5635  0.192476
8.56675  0.19234
8.57  0.192205
8.57325  0.192069
8.5765  0.191934
8.57975  0.191798
8.583  0.191663
8.58625  0.191528
8.5895  0.191393
8.59275  0.191258
8.596  0.191124
8.59925  0.190989
8.6025  0.190855
8.60575  0.190721
8.609  0.190587
8.61225  0.190453
8.6155  0.190319
8.61875  0.190185
8.622  0.190052
8.62525  0.189918
8.6285  0.189785
8.63175  0.189652
8.635  0.189519
8.63825  0.189386
8.6415  0.189253
8.64475  0.189121
8.648  0.188988
8.65125  0.188856
8.6545  0.188724
8.65775  0.188592
8.661  0.18846
8.66425  0.188328
8.6675  0.188196
8.67075  0.188065
8.674  0.187934
8.67725  0.187802
8.6805  0.187671
8.68375  0.18754
8.687  0.187409
8.69025  0.187279
8.6935  0.187148
8.69675  0.187018
8.7  0.186887
8.70325  0.186757
8.7065  0.186627
8.70975  0.186497
8.713  0.186367
8.71625  0.186238
8.7195  0.186108
8.72275  0.185979
8.726  0.18585
8.72925  0.18572
8.7325  0.185591
8.73575  0.185463
8.739  0.185334
8.74225  0.185205
8.7455  0.185077
8.74875  0.184948
8.752  0.18482
8.75525  0.184692
8.7585  0.184564
8.76175  0.184436
8.765  0.184309
8.76825  0.184181
8.7715  0.184054
8.77475  0.183926
8.778  0.183799
8.78125  0.183672
8.7845  0.183545
8.78775  0.183418
8.791  0.183292
8.79425  0.183165
8.7975  0.183039
8.80075  0.182912
8.804  0.182786
8.80725  0.18266
8.8105  0.182534
8.81375  0.182408
8.817  0.182283
8.82025  0.182157
8.8235  0.182032
8.82675  0.181907
8.83  0.181781
8.83325  0.181656
8.8365  0.181531
8.83975  0.181407
8.843  0.181282
8.84625  0.181158
8.8495  0.181033
8.85275  0.180909
8.856  0.180785
8.85925  0.180661
8.8625  0.180537
8.86575  0.180413
8.869  0.180289
8.87225  0.180166
8.8755  0.180042
8.87875  0.179919
8.882  0.179796
8.88525  0.179673
8.8885  0.17955
8.89175  0.179427
8.895  0.179304
8.89825  0.179182
8.9015  0.179059
8.90475  0.178937
8.908  0.178815
8.91125  0.178693
8.9145  0.178571
8.91775  0.178449
8.921  0.178327
8.92425  0.178206
8.9275  0.178084
8.93075  0.177963
8.934  0.177842
8.93725  0.177721
8.9405  0.1776
8.94375  0.177479
8.947  0.177358
8.95025  0.177237
8.9535  0.177117
8.95675  0.176997
8.96  0.176876
8.96325  0.176756
8.9665  0.176636
8.96975  0.176516
8.973  0.176396
8.97625  0.176277
8.9795  0.176157
8.98275  0.176038
8.986  0.175918
8.98925  0.175799
8.9925  0.17568
8.99575  0.175561
8.999  0.175442
9.00225  0.175324
9.0055  0.175205
9.00875  0.175087
9.012  0.174968
9.01525  0.17485
9.0185  0.174732
9.02175  0.174614
9.025  0.174496
9.02825  0.174378
9.0315  0.17426
9.03475  0.174143
9.038  0.174025
9.04125  0.173908
9.0445  0.173791
9.04775  0.173674
9.051  0.173557
9.05425  0.17344
9.0575  0.173323
9.06075  0.173206
9.064  0.17309
9.06725  0.172974
9.0705  0.172857
9.07375  0.172741
9.077  0.172625
9.08025  0.172509
9.0835  0.172393
9.08675  0.172277
9.09  0.172162
9.09325  0.172046
9.0965  0.171931
9.09975  0.171816
9.103  0.1717
9.10625  0.171585
9.1095  0.171471
9.11275  0.171356
9.116  0.171241
9.11925  0.171126
9.1225  0.171012
9.12575  0.170898
9.129  0.170783
9.13225  0.170669
9.1355  0.170555
9.13875  0.170441
9.142  0.170327
9.14525  0.170214
9.1485  0.1701
9.15175  0.169986
9.155  0.169873
9.15825  0.16976
9.1615  0.169647
9.16475  0.169534
9.168  0.169421
9.17125  0.169308
9.1745  0.169195
9.17775  0.169083
9.181  0.16897
9.18425  0.168858
9.1875  0.168745
9.19075  0.168633
9.194  0.168521
9.19725  0.168409
9.2005  0.168297
9.20375  0.168186
9.207  0.168074
9.21025  0.167963
9.2135  0.167851
9.21675  0.16774
9.22  0.167629
9.22325  0.167518
9.2265  0.167407
9.22975  0.167296
9.233  0.167185
9.23625  0.167074
9.2395  0.166964
9.24275  0.166853
9.246  0.166743
9.24925  0.166633
9.2525  0.166523
9.25575  0.166413
9.259  0.166303
9.26225  0.166193
9.2655  0.166083
9.26875  0.165974
9.272  0.165864
9.27525  0.165755
9.2785  0.165645
9.28175  0.165536
9.285  0.165427
9.28825  0.165318
9.2915  0.165209
9.29475  0.165101
9.298  0.164992
9.30125  0.164883
9.3045  0.164775
9.30775  0.164667
9.311  0.164558
9.31425  0.16445
9.3175  0.164342
9.32075  0.164234
9.324  0.164127
9.32725  0.164019
9.3305  0.163911
9.33375  0.163804
9.337  0.163696
9.34025  0.163589
9.3435  0.163482
9.34675  0.163375
9.35  0.163268
9.35325  0.163161
9.3565  0.163054
9.35975  0.162947
9.363  0.162841
9.36625  0.162734
9.3695  0.162628
9.37275  0.162522
9.376  0.162415
9.37925  0.162309
9.3825  0.162203
9.38575  0.162098
9.389  0.161992
9.39225  0.161886
9.3955  0.161781
9.39875  0.161675
9.402  0.16157
9.40525  0.161464
9.4085  0.161359
9.41175  0.161254
9.415  0.161149
9.41825  0.161044
9.4215  0.16094
9.42475  0.160835
9.428  0.16073
9.43125  0.160626
9.4345  0.160522
9.43775  0.160417
9.441  0.160313
9.44425  0.160209
9.4475  0.160105
9.45075  0.160001
9.454  0.159897
9.45725  0.159794
9.4605  0.15969
9.46375  0.159587
9.467  0.159483
9.47025  0.15938
9.4735  0.159277
9.47675  0.159174
9.48  0.159071
9.48325  0.158968
9.4865  0.158865
9.48975  0.158762
9.493  0.15866
9.49625  0.158557
9.4995  0.158455
9.50275  0.158353
9.506  0.15825
9.50925  0.158148
9.5125  0.158046
9.51575  0.157944
9.519  0.157842
9.52225  0.157741
9.5255  0.157639
9.52875  0.157538
9.532  0.157436
9.53525  0.157335
9.5385  0.157234
9.54175  0.157132
9.545  0.157031
9.54825  0.15693
9.5515  0.156829
9.55475  0.156729
9.558  0.156628
9.56125  0.156527
9.5645  0.156427
9.56775  0.156327
9.571  0.156226
9.57425  0.156126
9.5775  0.156026
9.58075  0.155926
9.584  0.155826
9.58725  0.155726
9.5905  0.155626
9.59375  0.155527
9.597  0.155427
9.60025  0.155328
9.6035  0.155228
9.60675  0.155129
9.61  0.15503
9.61325  0.154931
9.6165  0.154832
9.61975  0.154733
9.623  0.154634
9.62625  0.154535
9.6295  0.154437
9.63275  0.154338
9.636  0.15424
9.63925  0.154141
9.6425  0.154043
9.64575  0.153945
9.649  0.153847
9.65225  0.153749
9.6555  0.153651
9.65875  0.153553
9.662  0.153456
9.66525  0.153358
9.6685  0.15326
9.67175  0.153163
9.675  0.153066
9.67825  0.152968
9.6815  0.152871
9.68475  0.152774
9.688  0.152677
9.69125  0.15258
9.6945  0.152484
9.69775  0.152387
9.701  0.15229
9.70425  0.152194
9.7075  0.152097
9.71075  0.152001
9.714  0.151905
9.71725  0.151808
9.7205  0.151712
9.72375  0.151616
9.727  0.15152
9.73025  0.151425
9.7335  0.151329
9.73675  0.151233
9.74  0.151138
9.74325  0.151042
9.7465  0.150947
9.74975  0.150852
9.753  0.150756
9.75625  0.150661
9.7595  0.150566
9.76275  0.150471
9.766  0.150376
9.76925  0.150282
9.7725  0.150187
9.77575  0.150092
9.779  0.149998
9.78225  0.149904
9.7855  0.149809
9.78875  0.149715
9.792  0.149621
9.79525  0.149527
9.7985  0.149433
9.80175  0.149339
9.805  0.149245
9.80825  0.149151
9.8115  0.149058
9.81475  0.148964
9.818  0.148871
9.82125  0.148777
9.8245  0.148684
9.82775  0.148591
9.831  0.148498
9.83425  0.148405
9.8375  0.148312
9.84075  0.148219
9.844  0.148126
9.84725  0.148034
9.8505  0.147941
9.85375  0.147848
9.857  0.147756
9.86025  0.147664
9.8635  0.147571
9.86675  0.147479
9.87  0.147387
9.87325  0.147295
9.8765  0.147203
9.87975  0.147111
9.883  0.14702
9.88625  0.146928
9.8895  0.146836
9.89275  0.146745
9.896  0.146653
9.89925  0.146562
9.9025  0.146471
9.90575  0.14638
9.909  0.146289
9.91225  0.146198
9.9155  0.146107
9.91875  0.146016
9.922  0.145925
9.92525  0.145834
9.9285  0.145744
9.93175  0.145653
9.935  0.145563
9.93825  0.145472
9.9415  0.145382
9.94475  0.145292
9.948  0.145202
9.95125  0.145112
9.9545  0.145022
9.95775  0.144932
9.961  0.144842
9.96425  0.144753
9.9675  0.144663
9.97075  0.144574
9.974  0.144484
9.97725  0.144395
9.9805  0.144305
9.98375  0.144216
9.987  0.144127
9.99025  0.144038
9.9935  0.143949
9.99675  0.14386
