0.25  0.159821
0.25325  0.0432026
0.2565  0.000174497
0.25975  0.0324206
0.263  0.130056
0.26625  0.2749
0.2695  0.44433
0.27275  0.615015
0.276  0.766027
0.27925  0.88106
0.2825  0.949661
0.28575  0.967549
0.289  0.936172
0.29225  0.861737
0.2955  0.753912
0.29875  0.624423
0.302  0.485699
0.30525  0.34969
0.3085  0.226936
0.31175  0.125906
0.315  0.0526322
0.31825  0.0105801
0.3215  0.000746632
0.32475  0.0219135
0.328  0.0710167
0.33125  0.143579
0.3345  0.234165
0.33775  0.336822
0.341  0.445486
0.34425  0.554326
0.3475  0.658024
0.35075  0.751985
0.354  0.832472
0.35725  0.896685
0.3605  0.942778
0.36375  0.969822
0.367  0.977744
0.37025  0.967229
0.3735  0.939603
0.37675  0.896709
0.38  0.840781
0.38325  0.774317
0.3865  0.69996
0.38975  0.620397
0.393  0.538259
0.39625  0.456048
0.3995  0.37607
0.40275  0.300388
0.406  0.230788
0.40925  0.168757
0.4125  0.115472
0.41575  0.0718049
0.419  0.0383272
0.42225  0.0153289
0.4255  0.00283936
0.42875  0.000652828
0.432  0.00835708
0.43525  0.0253631
0.4385  0.0509356
0.44175  0.0842226
0.445  0.124285
0.44825  0.170124
0.4515  0.220705
0.45475  0.274982
0.458  0.331919
0.46125  0.390506
0.4645  0.449774
0.46775  0.508809
0.471  0.566765
0.47425  0.622864
0.4775  0.676409
0.48075  0.726786
0.484  0.773464
0.48725  0.815996
0.4905  0.854018
0.49375  0.88725
0.497  0.915486
0.50025  0.938596
0.5035  0.956519
0.50675  0.969258
0.51  0.976874
0.51325  0.979481
0.5165  0.97724
0.51975  0.970352
0.523  0.959056
0.52625  0.943619
0.5295  0.924332
0.53275  0.901508
0.536  0.875472
0.53925  0.84656
0.5425  0.815115
0.54575  0.781481
0.549  0.746001
0.55225  0.709013
0.5555  0.670849
0.55875  0.631831
0.562  0.592271
0.56525  0.552464
0.5685  0.512694
0.57175  0.473227
0.575  0.434312
0.57825  0.396182
0.5815  0.35905
0.58475  0.323112
0.588  0.288545
0.59125  0.255508
0.5945  0.224142
0.59775  0.194568
0.601  0.166894
0.60425  0.141207
0.6075  0.11758
0.61075  0.0960698
0.614  0.0767192
0.61725  0.059556
0.6205  0.0445955
0.62375  0.0318404
0.627  0.0212819
0.63025  0.0129006
0.6335  0.0066674
0.63675  0.00254396
0.64  0.000483966
0.64325  0.000433698
0.6465  0.00233285
0.64975  0.0061153
0.653  0.0117098
0.65625  0.0190407
0.6595  0.0280287
0.66275  0.0385912
0.666  0.0506432
0.66925  0.0640977
0.6725  0.0788663
0.67575  0.0948597
0.679  0.111988
0.68225  0.130161
0.6855  0.14929
0.68875  0.169285
0.692  0.190059
0.69525  0.211525
0.6985  0.233597
0.70175  0.256194
0.705  0.279233
0.70825  0.302636
0.7115  0.326325
0.71475  0.350228
0.718  0.374272
0.72125  0.398388
0.7245  0.422512
0.72775  0.446578
0.731  0.470529
0.73425  0.494305
0.7375  0.517854
0.74075  0.541123
0.744  0.564064
0.74725  0.586633
0.7505  0.608785
0.75375  0.630483
0.757  0.651688
0.76025  0.672368
0.7635  0.69249
0.76675  0.712027
0.77  0.730951
0.77325  0.74924
0.7765  0.766872
0.77975  0.783829
0.783  0.800095
0.78625  0.815654
0.7895  0.830496
0.79275  0.844609
0.796  0.857986
0.79925  0.87062
0.8025  0.882508
0.80575  0.893645
0.809  0.904032
0.81225  0.913668
0.8155  0.922556
0.81875  0.930697
0.822  0.938098
0.82525  0.944763
0.8285  0.950699
0.83175  0.955914
0.835  0.960417
0.83825  0.964218
0.8415  0.967328
0.84475  0.969756
0.848  0.971517
0.85125  0.972622
0.8545  0.973086
0.85775  0.972921
0.861  0.972142
0.86425  0.970765
0.8675  0.968803
0.87075  0.966274
0.874  0.963192
0.87725  0.959575
0.8805  0.955437
0.88375  0.950796
0.887  0.945669
0.89025  0.940071
0.8935  0.93402
0.89675  0.927533
0.9  0.920626
0.90325  0.913316
0.9065  0.90562
0.90975  0.897554
0.913  0.889136
0.91625  0.880381
0.9195  0.871306
0.92275  0.861927
0.926  0.852259
0.92925  0.84232
0.9325  0.832123
0.93575  0.821684
0.939  0.81102
0.94225  0.800143
0.9455  0.789069
0.94875  0.777813
0.952  0.766388
0.95525  0.754807
0.9585  0.743086
0.96175  0.731235
0.965  0.71927
0.96825  0.707201
0.9715  0.695042
0.97475  0.682804
0.978  0.670498
0.98125  0.658138
0.9845  0.645732
0.98775  0.633293
0.991  0.62083
0.99425  0.608354
0.9975  0.595874
1.00075  0.583399
1.004  0.57094
1.00725  0.558505
1.0105  0.546103
1.01375  0.533741
1.017  0.521427
1.02025  0.509171
1.0235  0.496978
1.02675  0.484856
1.03  0.472812
1.03325  0.460852
1.0365  0.448983
1.03975  0.437211
1.043  0.425542
1.04625  0.41398
1.0495  0.402532
1.05275  0.391201
1.056  0.379994
1.05925  0.368915
1.0625  0.357967
1.06575  0.347156
1.069  0.336484
1.07225  0.325956
1.0755  0.315574
1.07875  0.305343
1.082  0.295265
1.08525  0.285343
1.0885  0.275579
1.09175  0.265976
1.095  0.256537
1.09825  0.247263
1.1015  0.238157
1.10475  0.229219
1.108  0.220452
1.11125  0.211857
1.1145  0.203436
1.11775  0.195189
1.121  0.187117
1.12425  0.179222
1.1275  0.171504
1.13075  0.163963
1.134  0.156601
1.13725  0.149417
1.1405  0.142412
1.14375  0.135585
1.147  0.128938
1.15025  0.122469
1.1535  0.116179
1.15675  0.110067
1.16  0.104133
1.16325  0.0983766
1.1665  0.0927969
1.16975  0.0873935
1.173  0.0821657
1.17625  0.0771126
1.1795  0.0722334
1.18275  0.0675272
1.186  0.062993
1.18925  0.0586297
1.1925  0.0544363
1.19575  0.0504114
1.199  0.0465541
1.20225  0.0428628
1.2055  0.0393364
1.20875  0.0359735
1.212  0.0327726
1.21525  0.0297322
1.2185  0.026851
1.22175  0.0241274
1.225  0.0215598
1.22825  0.0191466
1.2315  0.0168861
1.23475  0.0147768
1.238  0.012817
1.24125  0.0110049
1.2445  0.0093389
1.24775  0.00781715
1.251  0.00643791
1.25425  0.00519942
1.2575  0.00409987
1.26075  0.00313746
1.264  0.00231035
1.26725  0.00161672
1.2705  0.00105472
1.27375  0.000622503
1.277  0.000318203
1.28025  0.00013996
1.2835  8.59019e-05
1.28675  0.000154157
1.29  0.00034285
1.29325  0.000650104
1.2965  0.00107404
1.29975  0.00161279
1.303  0.00226447
1.30625  0.00302722
1.3095  0.00389916
1.31275  0.00487843
1.316  0.00596318
1.31925  0.00715155
1.3225  0.00844169
1.32575  0.00983177
1.329  0.0113199
1.33225  0.0129044
1.3355  0.0145833
1.33875  0.016355
1.342  0.0182174
1.34525  0.020169
1.3485  0.0222079
1.35175  0.0243323
1.355  0.0265406
1.35825  0.028831
1.3615  0.0312017
1.36475  0.033651
1.368  0.0361774
1.37125  0.038779
1.3745  0.0414542
1.37775  0.0442014
1.381  0.0470189
1.38425  0.0499051
1.3875  0.0528585
1.39075  0.0558773
1.394  0.0589601
1.39725  0.0621053
1.4005  0.0653113
1.40375  0.0685767
1.407  0.0718998
1.41025  0.0752793
1.4135  0.0787136
1.41675  0.0822013
1.42  0.085741
1.42325  0.0893312
1.4265  0.0929704
1.42975  0.0966575
1.433  0.100391
1.43625  0.104169
1.4395  0.107991
1.44275  0.111856
1.446  0.115761
1.44925  0.119706
1.4525  0.12369
1.45575  0.127711
1.459  0.131768
1.46225  0.135859
1.4655  0.139984
1.46875  0.144142
1.472  0.148331
1.47525  0.15255
1.4785  0.156797
1.48175  0.161073
1.485  0.165375
1.48825  0.169703
1.4915  0.174056
1.49475  0.178432
1.498  0.18283
1.50125  0.187251
1.5045  0.191691
1.50775  0.196151
1.511  0.200629
1.51425  0.205125
1.5175  0.209638
1.52075  0.214166
1.524  0.218709
1.52725  0.223266
1.5305  0.227836
1.53375  0.232419
1.537  0.237012
1.54025  0.241616
1.5435  0.24623
1.54675  0.250852
1.55  0.255482
1.55325  0.26012
1.5565  0.264764
1.55975  0.269415
1.563  0.27407
1.56625  0.278729
1.5695  0.283392
1.57275  0.288058
1.576  0.292726
1.57925  0.297396
1.5825  0.302066
1.58575  0.306737
1.589  0.311408
1.59225  0.316077
1.5955  0.320745
1.59875  0.325411
1.602  0.330074
1.60525  0.334734
1.6085  0.33939
1.61175  0.344041
1.615  0.348687
1.61825  0.353328
1.6215  0.357963
1.62475  0.362592
1.628  0.367213
1.63125  0.371827
1.6345  0.376433
1.63775  0.381031
1.641  0.385619
1.64425  0.390199
1.6475  0.394769
1.65075  0.399328
1.654  0.403877
1.65725  0.408416
1.6605  0.412942
1.66375  0.417457
1.667  0.42196
1.67025  0.426451
1.6735  0.430929
1.67675  0.435393
1.68  0.439845
1.68325  0.444282
1.6865  0.448705
1.68975  0.453114
1.693  0.457508
1.69625  0.461887
1.6995  0.46625
1.70275  0.470598
1.706  0.47493
1.70925  0.479246
1.7125  0.483546
1.71575  0.487829
1.719  0.492095
1.72225  0.496344
1.7255  0.500575
1.72875  0.504789
1.732  0.508985
1.73525  0.513163
1.7385  0.517323
1.74175  0.521465
1.745  0.525587
1.74825  0.529691
1.7515  0.533776
1.75475  0.537842
1.758  0.541889
1.76125  0.545916
1.7645  0.549924
1.76775  0.553912
1.771  0.557879
1.77425  0.561827
1.7775  0.565755
1.78075  0.569662
1.784  0.573549
1.78725  0.577415
1.7905  0.581261
1.79375  0.585086
1.797  0.58889
1.80025  0.592673
1.8035  0.596434
1.80675  0.600175
1.81  0.603895
1.81325  0.607593
1.8165  0.61127
1.81975  0.614925
1.823  0.618558
1.82625  0.62217
1.8295  0.625761
1.83275  0.629329
1.836  0.632876
1.83925  0.636401
1.8425  0.639904
1.84575  0.643385
1.849  0.646845
1.85225  0.650282
1.8555  0.653697
1.85875  0.65709
1.862  0.660461
1.86525  0.66381
1.8685  0.667136
1.87175  0.670441
1.875  0.673723
1.87825  0.676983
1.8815  0.680221
1.88475  0.683437
1.888  0.68663
1.89125  0.689802
1.8945  0.692951
1.89775  0.696078
1.901  0.699182
1.90425  0.702265
1.9075  0.705325
1.91075  0.708363
1.914  0.711379
1.91725  0.714373
1.9205  0.717345
1.92375  0.720295
1.927  0.723223
1.93025  0.726128
1.9335  0.729012
1.93675  0.731873
1.94  0.734713
1.94325  0.737531
1.9465  0.740327
1.94975  0.743101
1.953  0.745853
1.95625  0.748584
1.9595  0.751293
1.96275  0.75398
1.966  0.756646
1.96925  0.75929
1.9725  0.761912
1.97575  0.764513
1.979  0.767093
1.98225  0.769651
1.9855  0.772188
1.98875  0.774704
1.992  0.777198
1.99525  0.779672
1.9985  0.782124
2.00175  0.784555
2.005  0.786965
2.00825  0.789355
2.0115  0.791723
2.01475  0.794071
2.018  0.796398
2.02125  0.798705
2.0245  0.800991
2.02775  0.803256
2.031  0.805501
2.03425  0.807726
2.0375  0.80993
2.04075  0.812115
2.044  0.814279
2.04725  0.816423
2.0505  0.818547
2.05375  0.820651
2.057  0.822735
2.06025  0.824799
2.0635  0.826844
2.06675  0.828869
2.07  0.830875
2.07325  0.832861
2.0765  0.834828
2.07975  0.836775
2.083  0.838704
2.08625  0.840613
2.0895  0.842503
2.09275  0.844374
2.096  0.846227
2.09925  0.84806
2.1025  0.849875
2.10575  0.851671
2.109  0.853449
2.11225  0.855208
2.1155  0.856949
2.11875  0.858671
2.122  0.860375
2.12525  0.862061
2.1285  0.863729
2.13175  0.86538
2.135  0.867012
2.13825  0.868626
2.1415  0.870223
2.14475  0.871802
2.148  0.873364
2.15125  0.874908
2.1545  0.876435
2.15775  0.877944
2.161  0.879437
2.16425  0.880912
2.1675  0.88237
2.17075  0.883812
2.174  0.885236
2.17725  0.886644
2.1805  0.888035
2.18375  0.88941
2.187  0.890768
2.19025  0.89211
2.1935  0.893436
2.19675  0.894745
2.2  0.896038
2.20325  0.897315
2.2065  0.898576
2.20975  0.899821
2.213  0.901051
2.21625  0.902265
2.2195  0.903463
2.22275  0.904646
2.226  0.905813
2.22925  0.906965
2.2325  0.908102
2.23575  0.909223
2.239  0.91033
2.24225  0.911421
2.2455  0.912498
2.24875  0.91356
2.252  0.914607
2.25525  0.915639
2.2585  0.916657
2.26175  0.917661
2.265  0.91865
2.26825  0.919624
2.2715  0.920585
2.27475  0.921531
2.278  0.922464
2.28125  0.923382
2.2845  0.924287
2.28775  0.925177
2.291  0.926054
2.29425  0.926918
2.2975  0.927768
2.30075  0.928604
2.304  0.929427
2.30725  0.930237
2.3105  0.931033
2.31375  0.931817
2.317  0.932587
2.32025  0.933345
2.3235  0.934089
2.32675  0.934821
2.33  0.93554
2.33325  0.936247
2.3365  0.93694
2.33975  0.937622
2.343  0.938291
2.34625  0.938948
2.3495  0.939592
2.35275  0.940224
2.356  0.940845
2.35925  0.941453
2.3625  0.942049
2.36575  0.942634
2.369  0.943207
2.37225  0.943768
2.3755  0.944317
2.37875  0.944855
2.382  0.945382
2.38525  0.945897
2.3885  0.946401
2.39175  0.946893
2.395  0.947375
2.39825  0.947845
2.4015  0.948305
2.40475  0.948753
2.408  0.949191
2.41125  0.949618
2.4145  0.950034
2.41775  0.950439
2.421  0.950834
2.42425  0.951219
2.4275  0.951593
2.43075  0.951957
2.434  0.95231
2.43725  0.952654
2.4405  0.952987
2.44375  0.95331
2.447  0.953623
2.45025  0.953927
2.4535  0.95422
2.45675  0.954504
2.46  0.954778
2.46325  0.955042
2.4665  0.955297
2.46975  0.955542
2.473  0.955778
2.47625  0.956004
2.4795  0.956221
2.48275  0.956429
2.486  0.956628
2.48925  0.956818
2.4925  0.956999
2.49575  0.95717
2.499  0.957333
2.50225  0.957487
2.5055  0.957632
2.50875  0.957769
2.512  0.957897
2.51525  0.958016
2.5185  0.958127
2.52175  0.958229
2.525  0.958323
2.52825  0.958409
2.5315  0.958486
2.53475  0.958555
2.538  0.958616
2.54125  0.958669
2.5445  0.958714
2.54775  0.958751
2.551  0.95878
2.55425  0.958801
2.5575  0.958815
2.56075  0.95882
2.564  0.958818
2.56725  0.958809
2.5705  0.958792
2.57375  0.958767
2.577  0.958735
2.58025  0.958696
2.5835  0.958649
2.58675  0.958595
2.59  0.958534
2.59325  0.958465
2.5965  0.95839
2.59975  0.958307
2.603  0.958218
2.60625  0.958121
2.6095  0.958018
2.61275  0.957908
2.616  0.957791
2.61925  0.957668
2.6225  0.957537
2.62575  0.9574
2.629  0.957257
2.63225  0.957107
2.6355  0.956951
2.63875  0.956788
2.642  0.956619
2.64525  0.956443
2.6485  0.956261
2.65175  0.956074
2.655  0.955879
2.65825  0.955679
2.6615  0.955473
2.66475  0.955261
2.668  0.955043
2.67125  0.954819
2.6745  0.954589
2.67775  0.954353
2.681  0.954111
2.68425  0.953864
2.6875  0.953611
2.69075  0.953353
2.694  0.953088
2.69725  0.952819
2.7005  0.952544
2.70375  0.952263
2.707  0.951977
2.71025  0.951686
2.7135  0.951389
2.71675  0.951087
2.72  0.95078
2.72325  0.950468
2.7265  0.950151
2.72975  0.949828
2.733  0.949501
2.73625  0.949168
2.7395  0.948831
2.74275  0.948488
2.746  0.948141
2.74925  0.947789
2.7525  0.947432
2.75575  0.94707
2.759  0.946704
2.76225  0.946333
2.7655  0.945957
2.76875  0.945577
2.772  0.945192
2.77525  0.944803
2.7785  0.944409
2.78175  0.944011
2.785  0.943608
2.78825  0.943201
2.7915  0.94279
2.79475  0.942375
2.798  0.941955
2.80125  0.941531
2.8045  0.941103
2.80775  0.94067
2.811  0.940234
2.81425  0.939794
2.8175  0.939349
2.82075  0.938901
2.824  0.938449
2.82725  0.937992
2.8305  0.937532
2.83375  0.937068
2.837  0.9366
2.84025  0.936129
2.8435  0.935654
2.84675  0.935175
2.85  0.934692
2.85325  0.934206
2.8565  0.933716
2.85975  0.933223
2.863  0.932726
2.86625  0.932225
2.8695  0.931721
2.87275  0.931214
2.876  0.930703
2.87925  0.930189
2.8825  0.929672
2.88575  0.929151
2.889  0.928627
2.89225  0.9281
2.8955  0.927569
2.89875  0.927035
2.902  0.926499
2.90525  0.925959
2.9085  0.925416
2.91175  0.92487
2.915  0.92432
2.91825  0.923768
2.9215  0.923213
2.92475  0.922655
2.928  0.922094
2.93125  0.92153
2.9345  0.920964
2.93775  0.920394
2.941  0.919822
2.94425  0.919247
2.9475  0.918669
2.95075  0.918089
2.954  0.917505
2.95725  0.916919
2.9605  0.916331
2.96375  0.91574
2.967  0.915146
2.97025  0.91455
2.9735  0.913951
2.97675  0.91335
2.98  0.912746
2.98325  0.91214
2.9865  0.911531
2.98975  0.91092
2.993  0.910307
2.99625  0.909691
2.9995  0.909073
3.00275  0.908453
3.006  0.90783
3.00925  0.907205
3.0125  0.906578
3.01575  0.905949
3.019  0.905317
3.02225  0.904683
3.0255  0.904048
3.02875  0.90341
3.032  0.90277
3.03525  0.902128
3.0385  0.901483
3.04175  0.900837
3.045  0.900189
3.04825  0.899539
3.0515  0.898887
3.05475  0.898233
3.058  0.897577
3.06125  0.89692
3.0645  0.89626
3.06775  0.895599
3.071  0.894935
3.07425  0.89427
3.0775  0.893603
3.08075  0.892935
3.084  0.892265
3.08725  0.891593
3.0905  0.890919
3.09375  0.890243
3.097  0.889566
3.10025  0.888888
3.1035  0.888207
3.10675  0.887525
3.11  0.886842
3.11325  0.886157
3.1165  0.88547
3.11975  0.884782
3.123  0.884093
3.12625  0.883401
3.1295  0.882709
3.13275  0.882015
3.136  0.88132
3.13925  0.880623
3.1425  0.879925
3.14575  0.879225
3.149  0.878524
3.15225  0.877822
3.1555  0.877118
3.15875  0.876413
3.162  0.875707
3.16525  0.875
3.1685  0.874291
3.17175  0.873581
3.175  0.87287
3.17825  0.872158
3.1815  0.871444
3.18475  0.87073
3.188  0.870014
3.19125  0.869297
3.1945  0.868579
3.19775  0.86786
3.201  0.867139
3.20425  0.866418
3.2075  0.865696
3.21075  0.864972
3.214  0.864248
3.21725  0.863523
3.2205  0.862796
3.22375  0.862069
3.227  0.86134
3.23025  0.860611
3.2335  0.859881
3.23675  0.85915
3.24  0.858418
3.24325  0.857685
3.2465  0.856951
3.24975  0.856216
3.253  0.855481
3.25625  0.854744
3.2595  0.854007
3.26275  0.853269
3.266  0.852531
3.26925  0.851791
3.2725  0.851051
3.27575  0.85031
3.279  0.849568
3.28225  0.848825
3.2855  0.848082
3.28875  0.847338
3.292  0.846594
3.29525  0.845848
3.2985  0.845103
3.30175  0.844356
3.305  0.843609
3.30825  0.842861
3.3115  0.842112
3.31475  0.841363
3.318  0.840614
3.32125  0.839864
3.3245  0.839113
3.32775  0.838362
3.331  0.83761
3.33425  0.836857
3.3375  0.836104
3.34075  0.835351
3.344  0.834597
3.34725  0.833843
3.3505  0.833088
3.35375  0.832333
3.357  0.831577
3.36025  0.830821
3.3635  0.830064
3.36675  0.829307
3.37  0.82855
3.37325  0.827792
3.3765  0.827034
3.37975  0.826275
3.383  0.825516
3.38625  0.824757
3.3895  0.823998
3.39275  0.823238
3.396  0.822477
3.39925  0.821717
3.4025  0.820956
3.40575  0.820195
3.409  0.819433
3.41225  0.818671
3.4155  0.817909
3.41875  0.817147
3.422  0.816385
3.42525  0.815622
3.4285  0.814859
3.43175  0.814096
3.435  0.813333
3.43825  0.812569
3.4415  0.811805
3.44475  0.811041
3.448  0.810277
3.45125  0.809513
3.4545  0.808748
3.45775  0.807984
3.461  0.807219
3.46425  0.806454
3.4675  0.805689
3.47075  0.804924
3.474  0.804159
3.47725  0.803394
3.4805  0.802629
3.48375  0.801863
3.487  0.801098
3.49025  0.800332
3.4935  0.799566
3.49675  0.798801
3.5  0.798035
3.50325  0.797269
3.5065  0.796504
3.50975  0.795738
3.513  0.794972
3.51625  0.794206
3.5195  0.79344
3.52275  0.792675
3.526  0.791909
3.52925  0.791143
3.5325  0.790377
3.53575  0.789612
3.539  0.788846
3.54225  0.788081
3.5455  0.787315
3.54875  0.78655
3.552  0.785784
3.55525  0.785019
3.5585  0.784254
3.56175  0.783489
3.565  0.782724
3.56825  0.781959
3.5715  0.781194
3.57475  0.78043
3.578  0.779665
3.58125  0.778901
3.5845  0.778137
3.58775  0.777372
3.591  0.776609
3.59425  0.775845
3.5975  0.775081
3.60075  0.774318
3.604  0.773554
3.60725  0.772791
3.6105  0.772029
3.61375  0.771266
3.617  0.770503
3.62025  0.769741
3.6235  0.768979
3.62675  0.768217
3.63  0.767456
3.63325  0.766694
3.6365  0.765933
3.63975  0.765172
3.643  0.764411
3.64625  0.763651
3.6495  0.762891
3.65275  0.762131
3.656  0.761371
3.65925  0.760612
3.6625  0.759853
3.66575  0.759094
3.669  0.758335
3.67225  0.757577
3.6755  0.756819
3.67875  0.756061
3.682  0.755304
3.68525  0.754547
3.6885  0.75379
3.69175  0.753034
3.695  0.752278
3.69825  0.751522
3.7015  0.750767
3.70475  0.750012
3.708  0.749257
3.71125  0.748502
3.7145  0.747748
3.71775  0.746995
3.721  0.746241
3.72425  0.745488
3.7275  0.744736
3.73075  0.743984
3.734  0.743232
3.73725  0.74248
3.7405  0.741729
3.74375  0.740978
3.747  0.740228
3.75025  0.739478
3.7535  0.738729
3.75675  0.73798
3.76  0.737231
3.76325  0.736483
3.7665  0.735735
3.76975  0.734987
3.773  0.73424
3.77625  0.733494
3.7795  0.732747
3.78275  0.732002
3.786  0.731256
3.78925  0.730511
3.7925  0.729767
3.79575  0.729023
3.799  0.72828
3.80225  0.727536
3.8055  0.726794
3.80875  0.726052
3.812  0.72531
3.81525  0.724569
3.8185  0.723828
3.82175  0.723088
3.825  0.722348
3.82825  0.721609
3.8315  0.72087
3.83475  0.720131
3.838  0.719394
3.84125  0.718656
3.8445  0.717919
3.84775  0.717183
3.851  0.716447
3.85425  0.715712
3.8575  0.714977
3.86075  0.714243
3.864  0.713509
3.86725  0.712775
3.8705  0.712043
3.87375  0.71131
3.877  0.710579
3.88025  0.709847
3.8835  0.709117
3.88675  0.708387
3.89  0.707657
3.89325  0.706928
3.8965  0.706199
3.89975  0.705471
3.903  0.704744
3.90625  0.704017
3.9095  0.70329
3.91275  0.702565
3.916  0.701839
3.91925  0.701115
3.9225  0.700391
3.92575  0.699667
3.929  0.698944
3.93225  0.698221
3.9355  0.6975
3.93875  0.696778
3.942  0.696058
3.94525  0.695337
3.9485  0.694618
3.95175  0.693899
3.955  0.69318
3.95825  0.692462
3.9615  0.691745
3.96475  0.691029
3.968  0.690312
3.97125  0.689597
3.9745  0.688882
3.97775  0.688168
3.981  0.687454
3.98425  0.686741
3.9875  0.686028
3.99075  0.685316
3.994  0.684605
3.99725  0.683894
4.0005  0.683184
4.00375  0.682475
4.007  0.681766
4.01025  0.681058
4.0135  0.68035
4.01675  0.679643
4.02  0.678937
4.02325  0.678231
4.0265  0.677526
4.02975  0.676821
4.033  0.676117
4.03625  0.675414
4.0395  0.674711
4.04275  0.674009
4.046  0.673308
4.04925  0.672607
4.0525  0.671907
4.05575  0.671207
4.059  0.670509
4.06225  0.66981
4.0655  0.669113
4.06875  0.668416
4.072  0.667719
4.07525  0.667024
4.0785  0.666329
4.08175  0.665634
4.085  0.664941
4.08825  0.664248
4.0915  0.663555
4.09475  0.662863
4.098  0.662172
4.10125  0.661482
4.1045  0.660792
4.10775  0.660103
4.111  0.659414
4.11425  0.658726
4.1175  0.658039
4.12075  0.657353
4.124  0.656667
4.12725  0.655982
4.1305  0.655297
4.13375  0.654613
4.137  0.65393
4.14025  0.653247
4.1435  0.652565
4.14675  0.651884
4.15  0.651204
4.15325  0.650524
4.1565  0.649845
4.15975  0.649166
4.163  0.648488
4.16625  0.647811
4.1695  0.647134
4.17275  0.646459
4.176  0.645783
4.17925  0.645109
4.1825  0.644435
4.18575  0.643762
4.189  0.64309
4.19225  0.642418
4.1955  0.641747
4.19875  0.641076
4.202  0.640407
4.20525  0.639738
4.2085  0.639069
4.21175  0.638402
4.215  0.637735
4.21825  0.637068
4.2215  0.636403
4.22475  0.635738
4.228  0.635073
4.23125  0.63441
4.2345  0.633747
4.23775  0.633085
4.241  0.632423
4.24425  0.631763
4.2475  0.631102
4.25075  0.630443
4.254  0.629784
4.25725  0.629126
4.2605  0.628469
4.26375  0.627812
4.267  0.627156
4.27025  0.626501
4.2735  0.625847
4.27675  0.625193
4.28  0.624539
4.28325  0.623887
4.2865  0.623235
4.28975  0.622584
4.293  0.621934
4.29625  0.621284
4.2995  0.620635
4.30275  0.619987
4.306  0.619339
4.30925  0.618692
4.3125  0.618046
4.31575  0.617401
4.319  0.616756
4.32225  0.616112
4.3255  0.615468
4.32875  0.614826
4.332  0.614184
4.33525  0.613543
4.3385  0.612902
4.34175  0.612262
4.345  0.611623
4.34825  0.610984
4.3515  0.610347
4.35475  0.60971
4.358  0.609073
4.36125  0.608438
4.3645  0.607803
4.36775  0.607168
4.371  0.606535
4.37425  0.605902
4.3775  0.60527
4.38075  0.604638
4.384  0.604008
4.38725  0.603378
4.3905  0.602748
4.39375  0.60212
4.397  0.601492
4.40025  0.600865
4.4035  0.600238
4.40675  0.599612
4.41  0.598987
4.41325  0.598363
4.4165  0.597739
4.41975  0.597116
4.423  0.596494
4.42625  0.595872
4.4295  0.595252
4.43275  0.594631
4.436  0.594012
4.43925  0.593393
4.4425  0.592775
4.44575  0.592158
4.449  0.591541
4.45225  0.590925
4.4555  0.59031
4.45875  0.589696
4.462  0.589082
4.46525  0.588469
4.4685  0.587856
4.47175  0.587245
4.475  0.586634
4.47825  0.586023
4.4815  0.585414
4.48475  0.584805
4.488  0.584197
4.49125  0.583589
4.4945  0.582983
4.49775  0.582377
4.501  0.581771
4.50425  0.581167
4.5075  0.580563
4.51075  0.57996
4.514  0.579357
4.51725  0.578755
4.5205  0.578154
4.52375  0.577554
4.527  0.576954
4.53025  0.576355
4.5335  0.575757
4.53675  0.575159
4.54  0.574562
4.54325  0.573966
4.5465  0.57337
4.54975  0.572776
4.553  0.572182
4.55625  0.571588
4.5595  0.570995
4.56275  0.570403
4.566  0.569812
4.56925  0.569222
4.5725  0.568632
4.57575  0.568042
4.579  0.567454
4.58225  0.566866
4.5855  0.566279
4.58875  0.565693
4.592  0.565107
4.59525  0.564522
4.5985  0.563938
4.60175  0.563354
4.605  0.562771
4.60825  0.562189
4.6115  0.561607
4.61475  0.561027
4.618  0.560446
4.62125  0.559867
4.6245  0.559288
4.62775  0.55871
4.631  0.558133
4.63425  0.557556
4.6375  0.55698
4.64075  0.556405
4.644  0.55583
4.64725  0.555256
4.6505  0.554683
4.65375  0.554111
4.657  0.553539
4.66025  0.552968
4.6635  0.552397
4.66675  0.551828
4.67  0.551259
4.67325  0.55069
4.6765  0.550123
4.67975  0.549556
4.683  0.548989
4.68625  0.548424
4.6895  0.547859
4.69275  0.547294
4.696  0.546731
4.69925  0.546168
4.7025  0.545606
4.70575  0.545044
4.709  0.544484
4.71225  0.543923
4.7155  0.543364
4.71875  0.542805
4.722  0.542247
4.72525  0.54169
4.7285  0.541133
4.73175  0.540577
4.735  0.540022
4.73825  0.539467
4.7415  0.538913
4.74475  0.53836
4.748  0.537807
4.75125  0.537255
4.7545  0.536704
4.75775  0.536153
4.761  0.535603
4.76425  0.535054
4.7675  0.534505
4.77075  0.533958
4.774  0.53341
4.77725  0.532864
4.7805  0.532318
4.78375  0.531773
4.787  0.531228
4.79025  0.530684
4.7935  0.530141
4.79675  0.529599
4.8  0.529057
4.80325  0.528516
4.8065  0.527975
4.80975  0.527435
4.813  0.526896
4.81625  0.526358
4.8195  0.52582
4.82275  0.525283
4.826  0.524746
4.82925  0.52421
4.8325  0.523675
4.83575  0.523141
4.839  0.522607
4.84225  0.522074
4.8455  0.521541
4.84875  0.521009
4.852  0.520478
4.85525  0.519948
4.8585  0.519418
4.86175  0.518889
4.865  0.51836
4.86825  0.517832
4.8715  0.517305
4.87475  0.516778
4.878  0.516252
4.88125  0.515727
4.8845  0.515203
4.88775  0.514679
4.891  0.514155
4.89425  0.513633
4.8975  0.513111
4.90075  0.512589
4.904  0.512069
4.90725  0.511549
4.9105  0.511029
4.91375  0.510511
4.917  0.509993
4.92025  0.509475
4.9235  0.508958
4.92675  0.508442
4.93  0.507927
4.93325  0.507412
4.9365  0.506898
4.93975  0.506384
4.943  0.505871
4.94625  0.505359
4.9495  0.504847
4.95275  0.504336
4.956  0.503826
4.95925  0.503316
4.9625  0.502807
4.96575  0.502299
4.969  0.501791
4.97225  0.501284
4.9755  0.500778
4.97875  0.500272
4.982  0.499767
4.98525  0.499262
4.9885  0.498758
4.99175  0.498255
4.995  0.497752
4.99825  0.49725
5.0015  0.496749
5.00475  0.496248
5.008  0.495748
5.01125  0.495248
5.0145  0.49475
5.01775  0.494251
5.021  0.493754
5.02425  0.493257
5.0275  0.49276
5.03075  0.492265
5.034  0.49177
5.03725  0.491275
5.0405  0.490781
5.04375  0.490288
5.047  0.489796
5.05025  0.489304
5.0535  0.488812
5.05675  0.488322
5.06  0.487831
5.06325  0.487342
5.0665  0.486853
5.06975  0.486365
5.073  0.485877
5.07625  0.48539
5.0795  0.484904
5.08275  0.484418
5.086  0.483933
5.08925  0.483448
5.0925  0.482965
5.09575  0.482481
5.099  0.481999
5.10225  0.481517
5.1055  0.481035
5.10875  0.480554
5.112  0.480074
5.11525  0.479594
5.1185  0.479115
5.12175  0.478637
5.125  0.478159
5.12825  0.477682
5.1315  0.477205
5.13475  0.476729
5.138  0.476254
5.14125  0.475779
5.1445  0.475305
5.14775  0.474831
5.151  0.474359
5.15425  0.473886
5.1575  0.473414
5.16075  0.472943
5.164  0.472473
5.16725  0.472003
5.1705  0.471533
5.17375  0.471065
5.177  0.470596
5.18025  0.470129
5.1835  0.469662
5.18675  0.469196
5.19  0.46873
5.19325  0.468265
5.1965  0.4678
5.19975  0.467336
5.203  0.466873
5.20625  0.46641
5.2095  0.465948
5.21275  0.465486
5.216  0.465025
5.21925  0.464564
5.2225  0.464105
5.22575  0.463645
5.229  0.463187
5.23225  0.462728
5.2355  0.462271
5.23875  0.461814
5.242  0.461358
5.24525  0.460902
5.2485  0.460447
5.25175  0.459992
5.255  0.459538
5.25825  0.459085
5.2615  0.458632
5.26475  0.458179
5.268  0.457728
5.27125  0.457276
5.2745  0.456826
5.27775  0.456376
5.281  0.455926
5.28425  0.455478
5.2875  0.455029
5.29075  0.454582
5.294  0.454135
5.29725  0.453688
5.3005  0.453242
5.30375  0.452797
5.307  0.452352
5.31025  0.451907
5.3135  0.451464
5.31675  0.451021
5.32  0.450578
5.32325  0.450136
5.3265  0.449695
5.32975  0.449254
5.333  0.448813
5.33625  0.448374
5.3395  0.447934
5.34275  0.447496
5.346  0.447058
5.34925  0.44662
5.3525  0.446183
5.35575  0.445747
5.359  0.445311
5.36225  0.444876
5.3655  0.444441
5.36875  0.444007
5.372  0.443573
5.37525  0.44314
5.3785  0.442708
5.38175  0.442276
5.385  0.441844
5.38825  0.441414
5.3915  0.440983
5.39475  0.440553
5.398  0.440124
5.40125  0.439696
5.4045  0.439268
5.40775  0.43884
5.411  0.438413
5.41425  0.437987
5.4175  0.437561
5.42075  0.437135
5.424  0.43671
5.42725  0.436286
5.4305  0.435862
5.43375  0.435439
5.437  0.435017
5.44025  0.434594
5.4435  0.434173
5.44675  0.433752
5.45  0.433331
5.45325  0.432911
5.4565  0.432492
5.45975  0.432073
5.463  0.431655
5.46625  0.431237
5.4695  0.43082
5.47275  0.430403
5.476  0.429987
5.47925  0.429571
5.4825  0.429156
5.48575  0.428741
5.489  0.428327
5.49225  0.427913
5.4955  0.4275
5.49875  0.427088
5.502  0.426676
5.50525  0.426265
5.5085  0.425854
5.51175  0.425443
5.515  0.425033
5.51825  0.424624
5.5215  0.424215
5.52475  0.423807
5.528  0.423399
5.53125  0.422992
5.5345  0.422585
5.53775  0.422179
5.541  0.421773
5.54425  0.421368
5.5475  0.420963
5.55075  0.420559
5.554  0.420155
5.55725  0.419752
5.5605  0.41935
5.56375  0.418947
5.567  0.418546
5.57025  0.418145
5.5735  0.417744
5.57675  0.417344
5.58  0.416945
5.58325  0.416546
5.5865  0.416147
5.58975  0.415749
5.593  0.415352
5.59625  0.414955
5.5995  0.414558
5.60275  0.414162
5.606  0.413767
5.60925  0.413372
5.6125  0.412977
5.61575  0.412583
5.619  0.41219
5.62225  0.411797
5.6255  0.411404
5.62875  0.411012
5.632  0.410621
5.63525  0.41023
5.6385  0.409839
5.64175  0.409449
5.645  0.40906
5.64825  0.408671
5.6515  0.408282
5.65475  0.407894
5.658  0.407507
5.66125  0.40712
5.6645  0.406733
5.66775  0.406347
5.671  0.405962
5.67425  0.405577
5.6775  0.405192
5.68075  0.404808
5.684  0.404425
5.68725  0.404042
5.6905  0.403659
5.69375  0.403277
5.697  0.402895
5.70025  0.402514
5.7035  0.402134
5.70675  0.401753
5.71  0.401374
5.71325  0.400994
5.7165  0.400616
5.71975  0.400238
5.723  0.39986
5.72625  0.399482
5.7295  0.399106
5.73275  0.398729
5.736  0.398354
5.73925  0.397978
5.7425  0.397603
5.74575  0.397229
5.749  0.396855
5.75225  0.396481
5.7555  0.396108
5.75875  0.395736
5.762  0.395364
5.76525  0.394992
5.7685  0.394621
5.77175  0.394251
5.775  0.39388
5.77825  0.393511
5.7815  0.393142
5.78475  0.392773
5.788  0.392405
5.79125  0.392037
5.7945  0.391669
5.79775  0.391302
5.801  0.390936
5.80425  0.39057
5.8075  0.390205
5.81075  0.38984
5.814  0.389475
5.81725  0.389111
5.8205  0.388747
5.82375  0.388384
5.827  0.388021
5.83025  0.387659
5.8335  0.387297
5.83675  0.386936
5.84  0.386575
5.84325  0.386215
5.8465  0.385855
5.84975  0.385495
5.853  0.385136
5.85625  0.384777
5.8595  0.384419
5.86275  0.384062
5.866  0.383704
5.86925  0.383348
5.8725  0.382991
5.87575  0.382635
5.879  0.38228
5.88225  0.381925
5.8855  0.38157
5.88875  0.381216
5.892  0.380862
5.89525  0.380509
5.8985  0.380156
5.90175  0.379804
5.905  0.379452
5.90825  0.379101
5.9115  0.37875
5.91475  0.378399
5.918  0.378049
5.92125  0.377699
5.9245  0.37735
5.92775  0.377001
5.931  0.376653
5.93425  0.376305
5.9375  0.375958
5.94075  0.375611
5.944  0.375264
5.94725  0.374918
5.9505  0.374572
5.95375  0.374227
5.957  0.373882
5.96025  0.373538
5.9635  0.373194
5.96675  0.37285
5.97  0.372507
5.97325  0.372164
5.9765  0.371822
5.97975  0.37148
5.983  0.371139
5.98625  0.370798
5.9895  0.370457
5.99275  0.370117
5.996  0.369777
5.99925  0.369438
6.0025  0.369099
6.00575  0.368761
6.009  0.368423
6.01225  0.368085
6.0155  0.367748
6.01875  0.367411
6.022  0.367075
6.02525  0.366739
6.0285  0.366404
6.03175  0.366069
6.035  0.365734
6.03825  0.3654
6.0415  0.365066
6.04475  0.364733
6.048  0.3644
6.05125  0.364067
6.0545  0.363735
6.05775  0.363404
6.061  0.363072
6.06425  0.362741
6.0675  0.362411
6.07075  0.362081
6.074  0.361751
6.07725  0.361422
6.0805  0.361093
6.08375  0.360765
6.087  0.360437
6.09025  0.360109
6.0935  0.359782
6.09675  0.359455
6.1  0.359129
6.10325  0.358803
6.1065  0.358478
6.10975  0.358152
6.113  0.357828
6.11625  0.357503
6.1195  0.35718
6.12275  0.356856
6.126  0.356533
6.12925  0.35621
6.1325  0.355888
6.13575  0.355566
6.139  0.355245
6.14225  0.354923
6.1455  0.354603
6.14875  0.354282
6.152  0.353963
6.15525  0.353643
6.1585  0.353324
6.16175  0.353005
6.165  0.352687
6.16825  0.352369
6.1715  0.352051
6.17475  0.351734
6.178  0.351418
6.18125  0.351101
6.1845  0.350785
6.18775  0.35047
6.191  0.350155
6.19425  0.34984
6.1975  0.349525
6.20075  0.349212
6.204  0.348898
6.20725  0.348585
6.2105  0.348272
6.21375  0.347959
6.217  0.347647
6.22025  0.347336
6.2235  0.347024
6.22675  0.346714
6.23  0.346403
6.23325  0.346093
6.2365  0.345783
6.23975  0.345474
6.243  0.345165
6.24625  0.344856
6.2495  0.344548
6.25275  0.34424
6.256  0.343933
6.25925  0.343626
6.2625  0.343319
6.26575  0.343013
6.269  0.342707
6.27225  0.342401
6.2755  0.342096
6.27875  0.341791
6.282  0.341487
6.28525  0.341183
6.2885  0.340879
6.29175  0.340576
6.295  0.340273
6.29825  0.339971
6.3015  0.339668
6.30475  0.339367
6.308  0.339065
6.31125  0.338764
6.3145  0.338463
6.31775  0.338163
6.321  0.337863
6.32425  0.337564
6.3275  0.337264
6.33075  0.336965
6.334  0.336667
6.33725  0.336369
6.3405  0.336071
6.34375  0.335774
6.347  0.335477
6.35025  0.33518
6.3535  0.334884
6.35675  0.334588
6.36  0.334292
6.36325  0.333997
6.3665  0.333702
6.36975  0.333408
6.373  0.333114
6.37625  0.33282
6.3795  0.332527
6.38275  0.332234
6.386  0.331941
6.38925  0.331649
6.3925  0.331357
6.39575  0.331065
6.399  0.330774
6.40225  0.330483
6.4055  0.330193
6.40875  0.329902
6.412  0.329613
6.41525  0.329323
6.4185  0.329034
6.42175  0.328745
6.425  0.328457
6.42825  0.328169
6.4315  0.327881
6.43475  0.327594
6.438  0.327307
6.44125  0.32702
6.4445  0.326734
6.44775  0.326448
6.451  0.326162
6.45425  0.325877
6.4575  0.325592
6.46075  0.325308
6.464  0.325024
6.46725  0.32474
6.4705  0.324456
6.47375  0.324173
6.477  0.32389
6.48025  0.323608
6.4835  0.323326
6.48675  0.323044
6.49  0.322762
6.49325  0.322481
6.4965  0.322201
6.49975  0.32192
6.503  0.32164
6.50625  0.32136
6.5095  0.321081
6.51275  0.320802
6.516  0.320523
6.51925  0.320245
6.5225  0.319967
6.52575  0.319689
6.529  0.319412
6.53225  0.319135
6.5355  0.318858
6.53875  0.318582
6.542  0.318306
6.54525  0.31803
6.5485  0.317755
6.55175  0.31748
6.555  0.317205
6.55825  0.316931
6.5615  0.316657
6.56475  0.316383
6.568  0.31611
6.57125  0.315837
6.5745  0.315564
6.57775  0.315291
6.581  0.315019
6.58425  0.314748
6.5875  0.314476
6.59075  0.314205
6.594  0.313935
6.59725  0.313664
6.6005  0.313394
6.60375  0.313124
6.607  0.312855
6.61025  0.312586
6.6135  0.312317
6.61675  0.312049
6.62  0.31178
6.62325  0.311513
6.6265  0.311245
6.62975  0.310978
6.633  0.310711
6.63625  0.310445
6.6395  0.310178
6.64275  0.309913
6.646  0.309647
6.64925  0.309382
6.6525  0.309117
6.65575  0.308852
6.659  0.308588
6.66225  0.308324
6.6655  0.30806
6.66875  0.307797
6.672  0.307534
6.67525  0.307271
6.6785  0.307009
6.68175  0.306747
6.685  0.306485
6.68825  0.306224
6.6915  0.305963
6.69475  0.305702
6.698  0.305441
6.70125  0.305181
6.7045  0.304921
6.70775  0.304662
6.711  0.304402
6.71425  0.304144
6.7175  0.303885
6.72075  0.303627
6.724  0.303369
6.72725  0.303111
6.7305  0.302853
6.73375  0.302596
6.737  0.30234
6.74025  0.302083
6.7435  0.301827
6.74675  0.301571
6.75  0.301315
6.75325  0.30106
6.7565  0.300805
6.75975  0.300551
6.763  0.300296
6.76625  0.300042
6.7695  0.299789
6.77275  0.299535
6.776  0.299282
6.77925  0.299029
6.7825  0.298777
6.78575  0.298524
6.789  0.298272
6.79225  0.298021
6.7955  0.297769
6.79875  0.297518
6.802  0.297268
6.80525  0.297017
6.8085  0.296767
6.81175  0.296517
6.815  0.296268
6.81825  0.296018
6.8215  0.29577
6.82475  0.295521
6.828  0.295272
6.83125  0.295024
6.8345  0.294777
6.83775  0.294529
6.841  0.294282
6.84425  0.294035
6.8475  0.293788
6.85075  0.293542
6.854  0.293296
6.85725  0.29305
6.8605  0.292805
6.86375  0.29256
6.867  0.292315
6.87025  0.29207
6.8735  0.291826
6.87675  0.291582
6.88  0.291338
6.88325  0.291095
6.8865  0.290852
6.88975  0.290609
6.893  0.290366
6.89625  0.290124
6.8995  0.289882
6.90275  0.289641
6.906  0.289399
6.90925  0.289158
6.9125  0.288917
6.91575  0.288677
6.919  0.288436
6.92225  0.288196
6.9255  0.287957
6.92875  0.287717
6.932  0.287478
6.93525  0.287239
6.9385  0.287001
6.94175  0.286762
6.945  0.286524
6.94825  0.286286
6.9515  0.286049
6.95475  0.285812
6.958  0.285575
6.96125  0.285338
6.9645  0.285102
6.96775  0.284866
6.971  0.28463
6.97425  0.284395
6.9775  0.284159
6.98075  0.283924
6.984  0.28369
6.98725  0.283455
6.9905  0.283221
6.99375  0.282987
6.997  0.282754
7.00025  0.28252
7.0035  0.282287
7.00675  0.282054
7.01  0.281822
7.01325  0.28159
7.0165  0.281358
7.01975  0.281126
7.023  0.280895
7.02625  0.280663
7.0295  0.280432
7.03275  0.280202
7.036  0.279971
7.03925  0.279741
7.0425  0.279512
7.04575  0.279282
7.049  0.279053
7.05225  0.278824
7.0555  0.278595
7.05875  0.278367
7.062  0.278138
7.06525  0.27791
7.0685  0.277683
7.07175  0.277455
7.075  0.277228
7.07825  0.277001
7.0815  0.276775
7.08475  0.276548
7.088  0.276322
7.09125  0.276096
7.0945  0.275871
7.09775  0.275645
7.101  0.27542
7.10425  0.275196
7.1075  0.274971
7.11075  0.274747
7.114  0.274523
7.11725  0.274299
7.1205  0.274076
7.12375  0.273852
7.127  0.273629
7.13025  0.273407
7.1335  0.273184
7.13675  0.272962
7.14  0.27274
7.14325  0.272518
7.1465  0.272297
7.14975  0.272076
7.153  0.271855
7.15625  0.271634
7.1595  0.271414
7.16275  0.271194
7.166  0.270974
7.16925  0.270754
7.1725  0.270535
7.17575  0.270315
7.179  0.270097
7.18225  0.269878
7.1855  0.26966
7.18875  0.269441
7.192  0.269223
7.19525  0.269006
7.1985  0.268788
7.20175  0.268571
7.205  0.268354
7.20825  0.268138
7.2115  0.267921
7.21475  0.267705
7.218  0.267489
7.22125  0.267274
7.2245  0.267058
7.22775  0.266843
7.231  0.266628
7.23425  0.266414
7.2375  0.266199
7.24075  0.265985
7.244  0.265771
7.24725  0.265557
7.2505  0.265344
7.25375  0.265131
7.257  0.264918
7.26025  0.264705
7.2635  0.264493
7.26675  0.264281
7.27  0.264069
7.27325  0.263857
7.2765  0.263645
7.27975  0.263434
7.283  0.263223
7.28625  0.263012
7.2895  0.262802
7.29275  0.262592
7.296  0.262382
7.29925  0.262172
7.3025  0.261962
7.30575  0.261753
7.309  0.261544
7.31225  0.261335
7.3155  0.261126
7.31875  0.260918
7.322  0.26071
7.32525  0.260502
7.3285  0.260294
7.33175  0.260087
7.335  0.25988
7.33825  0.259673
7.3415  0.259466
7.34475  0.25926
7.348  0.259053
7.35125  0.258847
7.3545  0.258642
7.35775  0.258436
7.361  0.258231
7.36425  0.258026
7.3675  0.257821
7.37075  0.257616
7.374  0.257412
7.37725  0.257208
7.3805  0.257004
7.38375  0.2568
7.387  0.256597
7.39025  0.256393
7.3935  0.25619
7.39675  0.255988
7.4  0.255785
7.40325  0.255583
7.4065  0.255381
7.40975  0.255179
7.413  0.254977
7.41625  0.254776
7.4195  0.254575
7.42275  0.254374
7.426  0.254173
7.42925  0.253972
7.4325  0.253772
7.43575  0.253572
7.439  0.253372
7.44225  0.253173
7.4455  0.252973
7.44875  0.252774
7.452  0.252575
7.45525  0.252377
7.4585  0.252178
7.46175  0.25198
7.465  0.251782
7.46825  0.251584
7.4715  0.251387
7.47475  0.251189
7.478  0.250992
7.48125  0.250795
7.4845  0.250598
7.48775  0.250402
7.491  0.250206
7.49425  0.25001
7.4975  0.249814
7.50075  0.249618
7.504  0.249423
7.50725  0.249228
7.5105  0.249033
7.51375  0.248838
7.517  0.248644
7.52025  0.248449
7.5235  0.248255
7.52675  0.248061
7.53  0.247868
7.53325  0.247674
7.5365  0.247481
7.53975  0.247288
7.543  0.247095
7.54625  0.246903
7.5495  0.246711
7.55275  0.246518
7.556  0.246327
7.55925  0.246135
7.5625  0.245943
7.56575  0.245752
7.569  0.245561
7.57225  0.24537
7.5755  0.24518
7.57875  0.244989
7.582  0.244799
7.58525  0.244609
7.5885  0.244419
7.59175  0.24423
7.595  0.24404
7.59825  0.243851
7.6015  0.243662
7.60475  0.243474
7.608  0.243285
7.61125  0.243097
7.6145  0.242909
7.61775  0.242721
7.621  0.242533
7.62425  0.242346
7.6275  0.242158
7.63075  0.241971
7.634  0.241784
7.63725  0.241598
7.6405  0.241411
7.64375  0.241225
7.647  0.241039
7.65025  0.240853
7.6535  0.240668
7.65675  0.240482
7.66  0.240297
7.66325  0.240112
7.6665  0.239927
7.66975  0.239743
7.673  0.239558
7.67625  0.239374
7.6795  0.23919
7.68275  0.239006
7.686  0.238823
7.68925  0.238639
7.6925  0.238456
7.69575  0.238273
7.699  0.238091
7.70225  0.237908
7.7055  0.237726
7.70875  0.237543
7.712  0.237361
7.71525  0.23718
7.7185  0.236998
7.72175  0.236817
7.725  0.236636
7.72825  0.236455
7.7315  0.236274
7.73475  0.236093
7.738  0.235913
7.74125  0.235733
7.7445  0.235553
7.74775  0.235373
7.751  0.235193
7.75425  0.235014
7.7575  0.234835
7.76075  0.234656
7.764  0.234477
7.76725  0.234299
7.7705  0.23412
7.77375  0.233942
7.777  0.233764
7.78025  0.233586
7.7835  0.233408
7.78675  0.233231
7.79  0.233054
7.79325  0.232877
7.7965  0.2327
7.79975  0.232523
7.803  0.232347
7.80625  0.232171
7.8095  0.231994
7.81275  0.231819
7.816  0.231643
7.81925  0.231467
7.8225  0.231292
7.82575  0.231117
7.829  0.230942
7.83225  0.230767
7.8355  0.230593
7.83875  0.230418
7.842  0.230244
7.84525  0.23007
7.8485  0.229896
7.85175  0.229723
7.855  0.229549
7.85825  0.229376
7.8615  0.229203
7.86475  0.22903
7.868  0.228858
7.87125  0.228685
7.8745  0.228513
7.87775  0.228341
7.881  0.228169
7.88425  0.227997
7.8875  0.227826
7.89075  0.227654
7.894  0.227483
7.89725  0.227312
7.9005  0.227141
7.90375  0.226971
7.907  0.2268
7.91025  0.22663
7.9135  0.22646
7.91675  0.22629
7.92  0.226121
7.92325  0.225951
7.9265  0.225782
7.92975  0.225613
7.933  0.225444
7.93625  0.225275
7.9395  0.225106
7.94275  0.224938
7.946  0.22477
7.94925  0.224602
7.9525  0.224434
7.95575  0.224266
7.959  0.224098
7.96225  0.223931
7.9655  0.223764
7.96875  0.223597
7.972  0.22343
7.97525  0.223264
7.9785  0.223097
7.98175  0.222931
7.985  0.222765
7.98825  0.222599
7.9915  0.222433
7.99475  0.222268
7.998  0.222102
8.00125  0.221937
8.0045  0.221772
8.00775  0.221607
8.011  0.221443
8.01425  0.221278
8.0175  0.221114
8.02075  0.22095
8.024  0.220786
8.02725  0.220622
8.0305  0.220459
8.03375  0.220295
8.037  0.220132
8.04025  0.219969
8.0435  0.219806
8.04675  0.219643
8.05  0.219481
8.05325  0.219318
8.0565  0.219156
8.05975  0.218994
8.063  0.218832
8.06625  0.21867
8.0695  0.218509
8.07275  0.218348
8.076  0.218186
8.07925  0.218025
8.0825  0.217865
8.08575  0.217704
8.089  0.217543
8.09225  0.217383
8.0955  0.217223
8.09875  0.217063
8.102  0.216903
8.10525  0.216744
8.1085  0.216584
8.11175  0.216425
8.115  0.216266
8.11825  0.216107
8.1215  0.215948
8.12475  0.215789
8.128  0.215631
8.13125  0.215473
8.1345  0.215315
8.13775  0.215157
8.141  0.214999
8.14425  0.214841
8.1475  0.214684
8.15075  0.214527
8.154  0.214369
8.15725  0.214212
8.1605  0.214056
8.16375  0.213899
8.167  0.213743
8.17025  0.213586
8.1735  0.21343
8.17675  0.213274
8.18  0.213118
8.18325  0.212963
8.1865  0.212807
8.18975  0.212652
8.193  0.212497
8.19625  0.212342
8.1995  0.212187
8.20275  0.212033
8.206  0.211878
8.20925  0.211724
8.2125  0.21157
8.21575  0.211416
8.219  0.211262
8.22225  0.211108
8.2255  0.210955
8.22875  0.210801
8.232  0.210648
8.23525  0.210495
8.2385  0.210342
8.24175  0.21019
8.245  0.210037
8.24825  0.209885
8.2515  0.209732
8.25475  0.20958
8.258  0.209428
8.26125  0.209277
8.2645  0.209125
8.26775  0.208974
8.271  0.208822
8.27425  0.208671
8.2775  0.20852
8.28075  0.20837
8.284  0.208219
8.28725  0.208069
8.2905  0.207918
8.29375  0.207768
8.297  0.207618
8.30025  0.207468
8.3035  0.207319
8.30675  0.207169
8.31  0.20702
8.31325  0.20687
8.3165  0.206721
8.31975  0.206572
8.323  0.206424
8.32625  0.206275
8.3295  0.206127
8.33275  0.205978
8.336  0.20583
8.33925  0.205682
8.3425  0.205534
8.34575  0.205387
8.349  0.205239
8.35225  0.205092
8.3555  0.204945
8.35875  0.204798
8.362  0.204651
8.36525  0.204504
8.3685  0.204357
8.37175  0.204211
8.375  0.204065
8.37825  0.203918
8.3815  0.203772
8.38475  0.203627
8.388  0.203481
8.39125  0.203335
8.3945  0.20319
8.39775  0.203045
8.401  0.2029
8.40425  0.202755
8.4075  0.20261
8.41075  0.202465
8.414  0.202321
8.41725  0.202176
8.4205  0.202032
8.42375  0.201888
8.427  0.201744
8.43025  0.201601
8.4335  0.201457
8.43675  0.201314
8.44  0.20117
8.44325  0.201027
8.4465  0.200884
8.44975  0.200741
8.453  0.200599
8.45625  0.200456
8.4595  0.200314
8.46275  0.200171
8.466  0.200029
8.46925  0.199887
8.4725  0.199745
8.47575  0.199604
8.479  0.199462
8.48225  0.199321
8.4855  0.19918
8.48875  0.199038
8.492  0.198897
8.49525  0.198757
8.4985  0.198616
8.50175  0.198475
8.505  0.198335
8.50825  0.198195
8.5115  0.198055
8.51475  0.197915
8.518  0.197775
8.52125  0.197635
8.5245  0.197496
8.52775  0.197356
8.531  0.197217
8.53425  0.197078
8.5375  0.196939
8.54075  0.1968
8.544  0.196662
8.54725  0.196523
8.5505  0.196385
8.55375  0.196247
8.557  0.196108
8.56025  0.195971
8.5635  0.195833
8.56675  0.195695
8.57  0.195558
8.57325  0.19542
8.5765  0.195283
8.57975  0.195146
8.583  0.195009
8.58625  0.194872
8.5895  0.194735
8.59275  0.194599
8.596  0.194462
8.59925  0.194326
8.6025  0.19419
8.60575  0.194054
8.609  0.193918
8.61225  0.193782
8.6155  0.193647
8.61875  0.193511
8.622  0.193376
8.62525  0.193241
8.6285  0.193106
8.63175  0.192971
8.635  0.192836
8.63825  0.192701
8.6415  0.192567
8.64475  0.192433
8.648  0.192298
8.65125  0.192164
8.6545  0.19203
8.65775  0.191897
8.661  0.191763
8.66425  0.191629
8.6675  0.191496
8.67075  0.191363
8.674  0.19123
8.67725  0.191097
8.6805  0.190964
8.68375  0.190831
8.687  0.190698
8.69025  0.190566
8.6935  0.190434
8.69675  0.190301
8.7  0.190169
8.70325  0.190037
8.7065  0.189906
8.70975  0.189774
8.713  0.189642
8.71625  0.189511
8.7195  0.18938
8.72275  0.189249
8.726  0.189118
8.72925  0.188987
8.7325  0.188856
8.73575  0.188725
8.739  0.188595
8.74225  0.188465
8.7455  0.188334
8.74875  0.188204
8.752  0.188074
8.75525  0.187944
8.7585  0.187815
8.76175  0.187685
8.765  0.187556
8.76825  0.187427
8.7715  0.187297
8.77475  0.187168
8.778  0.187039
8.78125  0.186911
8.7845  0.186782
8.78775  0.186653
8.791  0.186525
8.79425  0.186397
8.7975  0.186269
8.80075  0.186141
8.804  0.186013
8.80725  0.185885
8.8105  0.185757
8.81375  0.18563
8.817  0.185502
8.82025  0.185375
8.8235  0.185248
8.82675  0.185121
8.83  0.184994
8.83325  0.184868
8.8365  0.184741
8.83975  0.184614
8.843  0.184488
8.84625  0.184362
8.8495  0.184236
8.85275  0.18411
8.856  0.183984
8.85925  0.183858
8.8625  0.183733
8.86575  0.183607
8.869  0.183482
8.87225  0.183356
8.8755  0.183231
8.87875  0.183106
8.882  0.182981
8.88525  0.182857
8.8885  0.182732
8.89175  0.182608
8.895  0.182483
8.89825  0.182359
8.9015  0.182235
8.90475  0.182111
8.908  0.181987
8.91125  0.181863
8.9145  0.18174
8.91775  0.181616
8.921  0.181493
8.92425  0.18137
8.9275  0.181246
8.93075  0.181123
8.934  0.181
8.93725  0.180878
8.9405  0.180755
8.94375  0.180632
8.947  0.18051
8.95025  0.180388
8.9535  0.180266
8.95675  0.180144
8.96  0.180022
8.96325  0.1799
8.9665  0.179778
8.96975  0.179657
8.973  0.179535
8.97625  0.179414
8.9795  0.179293
8.98275  0.179171
8.986  0.179051
8.98925  0.17893
8.9925  0.178809
8.99575  0.178688
8.999  0.178568
9.00225  0.178447
9.0055  0.178327
9.00875  0.178207
9.012  0.178087
9.01525  0.177967
9.0185  0.177847
9.02175  0.177728
9.025  0.177608
9.02825  0.177489
9.0315  0.177369
9.03475  0.17725
9.038  0.177131
9.04125  0.177012
9.0445  0.176893
9.04775  0.176774
9.051  0.176656
9.05425  0.176537
9.0575  0.176419
9.06075  0.176301
9.064  0.176183
9.06725  0.176064
9.0705  0.175947
9.07375  0.175829
9.077  0.175711
9.08025  0.175593
9.0835  0.175476
9.08675  0.175359
9.09  0.175241
9.09325  0.175124
9.0965  0.175007
9.09975  0.17489
9.103  0.174774
9.10625  0.174657
9.1095  0.17454
9.11275  0.174424
9.116  0.174308
9.11925  0.174191
9.1225  0.174075
9.12575  0.173959
9.129  0.173843
9.13225  0.173728
9.1355  0.173612
9.13875  0.173496
9.142  0.173381
9.14525  0.173266
9.1485  0.173151
9.15175  0.173035
9.155  0.17292
9.15825  0.172806
9.1615  0.172691
9.16475  0.172576
9.168  0.172462
9.17125  0.172347
9.1745  0.172233
9.17775  0.172119
9.181  0.172005
9.18425  0.171891
9.1875  0.171777
9.19075  0.171663
9.194  0.171549
9.19725  0.171436
9.2005  0.171322
9.20375  0.171209
9.207  0.171096
9.21025  0.170983
9.2135  0.17087
9.21675  0.170757
9.22  0.170644
9.22325  0.170531
9.2265  0.170419
9.22975  0.170306
9.233  0.170194
9.23625  0.170082
9.2395  0.16997
9.24275  0.169858
9.246  0.169746
9.24925  0.169634
9.2525  0.169522
9.25575  0.169411
9.259  0.169299
9.26225  0.169188
9.2655  0.169077
9.26875  0.168965
9.272  0.168854
9.27525  0.168743
9.2785  0.168633
9.28175  0.168522
9.285  0.168411
9.28825  0.168301
9.2915  0.16819
9.29475  0.16808
9.298  0.16797
9.30125  0.16786
9.3045  0.16775
9.30775  0.16764
9.311  0.16753
9.31425  0.16742
9.3175  0.167311
9.32075  0.167201
9.324  0.167092
9.32725  0.166983
9.3305  0.166874
9.33375  0.166764
9.337  0.166656
9.34025  0.166547
9.3435  0.166438
9.34675  0.166329
9.35  0.166221
9.35325  0.166112
9.3565  0.166004
9.35975  0.165896
9.363  0.165788
9.36625  0.16568
9.3695  0.165572
9.37275  0.165464
9.376  0.165356
9.37925  0.165249
9.3825  0.165141
9.38575  0.165034
9.389  0.164926
9.39225  0.164819
9.3955  0.164712
9.39875  0.164605
9.402  0.164498
9.40525  0.164391
9.4085  0.164285
9.41175  0.164178
9.415  0.164072
9.41825  0.163965
9.4215  0.163859
9.42475  0.163753
9.428  0.163647
9.43125  0.163541
9.4345  0.163435
9.43775  0.163329
9.441  0.163223
9.44425  0.163118
9.4475  0.163012
9.45075  0.162907
9.454  0.162802
9.45725  0.162697
9.4605  0.162591
9.46375  0.162486
9.467  0.162382
9.47025  0.162277
9.4735  0.162172
9.47675  0.162067
9.48  0.161963
9.48325  0.161859
9.4865  0.161754
9.48975  0.16165
9.493  0.161546
9.49625  0.161442
9.4995  0.161338
9.50275  0.161234
9.506  0.161131
9.50925  0.161027
9.5125  0.160923
9.51575  0.16082
9.519  0.160717
9.52225  0.160614
9.5255  0.16051
9.52875  0.160407
9.532  0.160304
9.53525  0.160202
9.5385  0.160099
9.54175  0.159996
9.545  0.159894
9.54825  0.159791
9.5515  0.159689
9.55475  0.159587
9.558  0.159485
9.56125  0.159382
9.5645  0.15928
9.56775  0.159179
9.571  0.159077
9.57425  0.158975
9.5775  0.158874
9.58075  0.158772
9.584  0.158671
9.58725  0.158569
9.5905  0.158468
9.59375  0.158367
9.597  0.158266
9.60025  0.158165
9.6035  0.158064
9.60675  0.157964
9.61  0.157863
9.61325  0.157762
9.6165  0.157662
9.61975  0.157562
9.623  0.157461
9.62625  0.157361
9.6295  0.157261
9.63275  0.157161
9.636  0.157061
9.63925  0.156961
9.6425  0.156862
9.64575  0.156762
9.649  0.156662
9.65225  0.156563
9.6555  0.156464
9.65875  0.156364
9.662  0.156265
9.66525  0.156166
9.6685  0.156067
9.67175  0.155968
9.675  0.15587
9.67825  0.155771
9.6815  0.155672
9.68475  0.155574
9.688  0.155475
9.69125  0.155377
9.6945  0.155279
9.69775  0.155181
9.701  0.155083
9.70425  0.154985
9.7075  0.154887
9.71075  0.154789
9.714  0.154691
9.71725  0.154594
9.7205  0.154496
9.72375  0.154399
9.727  0.154301
9.73025  0.154204
9.7335  0.154107
9.73675  0.15401
9.74  0.153913
9.74325  0.153816
9.7465  0.153719
9.74975  0.153623
9.753  0.153526
9.75625  0.153429
9.7595  0.153333
9.76275  0.153237
9.766  0.15314
9.76925  0.153044
9.7725  0.152948
9.77575  0.152852
9.779  0.152756
9.78225  0.15266
9.7855  0.152565
9.78875  0.152469
9.792  0.152373
9.79525  0.152278
9.7985  0.152183
9.80175  0.152087
9.805  0.151992
9.80825  0.151897
9.8115  0.151802
9.81475  0.151707
9.818  0.151612
9.82125  0.151517
9.8245  0.151423
9.82775  0.151328
9.831  0.151234
9.83425  0.151139
9.8375  0.151045
9.84075  0.150951
9.844  0.150856
9.84725  0.150762
9.8505  0.150668
9.85375  0.150574
9.857  0.150481
9.86025  0.150387
9.8635  0.150293
9.86675  0.1502
9.87  0.150106
9.87325  0.150013
9.8765  0.149919
9.87975  0.149826
9.883  0.149733
9.88625  0.14964
9.8895  0.149547
9.89275  0.149454
9.896  0.149361
9.89925  0.149269
9.9025  0.149176
9.90575  0.149083
9.909  0.148991
9.91225  0.148899
9.9155  0.148806
9.91875  0.148714
9.922  0.148622
9.92525  0.14853
9.9285  0.148438
9.93175  0.148346
9.935  0.148254
9.93825  0.148163
9.9415  0.148071
9.94475  0.147979
9.948  0.147888
9.95125  0.147797
9.9545  0.147705
9.95775  0.147614
9.961  0.147523
9.96425  0.147432
9.9675  0.147341
9.97075  0.14725
9.974  0.147159
9.97725  0.147068
9.9805  0.146978
9.98375  0.146887
9.987  0.146797
9.99025  0.146706
9.9935  0.146616
9.99675  0.146526
