0.25  0.0470113
0.25325  0.0637981
0.2565  0.0780575
0.25975  0.0876533
0.263  0.0914702
0.26625  0.0893881
0.2695  0.0821143
0.27275  0.070935
0.276  0.0574445
0.27925  0.0432918
0.2825  0.0299765
0.28575  0.0187053
0.289  0.0103129
0.29225  0.00523971
0.2955  0.00355629
0.29875  0.00501922
0.302  0.00914654
0.30525  0.0152998
0.3085  0.0227637
0.31175  0.0308165
0.315  0.038787
0.31825  0.0460965
0.3215  0.0522852
0.32475  0.0570253
0.328  0.0601215
0.33125  0.0615029
0.3345  0.0612078
0.33775  0.0593648
0.341  0.0561712
0.34425  0.0518719
0.3475  0.0467389
0.35075  0.0410532
0.354  0.0350897
0.35725  0.0291047
0.3605  0.0233265
0.36375  0.0179496
0.367  0.013131
0.37025  0.00898871
0.3735  0.00560281
0.37675  0.0030175
0.38  0.00124446
0.38325  0.000266936
0.3865  4.42634e-05
0.38975  0.000516537
0.393  0.00160924
0.39625  0.00323761
0.3995  0.00531071
0.40275  0.00773499
0.406  0.0104174
0.40925  0.013268
0.4125  0.0162021
0.41575  0.0191417
0.419  0.0220169
0.42225  0.0247663
0.4255  0.0273379
0.42875  0.0296888
0.432  0.0317849
0.43525  0.0336012
0.4385  0.0351204
0.44175  0.0363332
0.445  0.0372366
0.44825  0.0378337
0.4515  0.0381331
0.45475  0.0381473
0.458  0.0378928
0.46125  0.0373889
0.4645  0.0366569
0.46775  0.0357199
0.471  0.0346018
0.47425  0.033327
0.4775  0.0319201
0.48075  0.0304051
0.484  0.0288054
0.48725  0.0271433
0.4905  0.0254402
0.49375  0.0237158
0.497  0.0219887
0.50025  0.0202755
0.5035  0.0185916
0.50675  0.0169506
0.51  0.0153643
0.51325  0.0138433
0.5165  0.0123964
0.51975  0.011031
0.523  0.00975307
0.52625  0.0085673
0.5295  0.00747715
0.53275  0.00648497
0.536  0.00559205
0.53925  0.00479876
0.5425  0.00410463
0.54575  0.00350842
0.549  0.00300828
0.55225  0.00260173
0.5555  0.00228586
0.55875  0.0020573
0.562  0.00191236
0.56525  0.00184707
0.5685  0.00185725
0.57175  0.00193855
0.575  0.00208653
0.57825  0.00229668
0.5815  0.00256446
0.58475  0.00288534
0.588  0.00325485
0.59125  0.00366859
0.5945  0.00412225
0.59775  0.00461164
0.601  0.00513268
0.60425  0.00568147
0.6075  0.00625424
0.61075  0.0068474
0.614  0.00745753
0.61725  0.00808137
0.6205  0.00871584
0.62375  0.00935805
0.627  0.0100053
0.63025  0.010655
0.6335  0.0113048
0.63675  0.0119525
0.64  0.012596
0.64325  0.0132335
0.6465  0.0138633
0.64975  0.0144837
0.653  0.0150933
0.65625  0.0156908
0.6595  0.0162751
0.66275  0.016845
0.666  0.0173997
0.66925  0.0179383
0.6725  0.0184601
0.67575  0.0189644
0.679  0.0194508
0.68225  0.0199187
0.6855  0.0203678
0.68875  0.0207978
0.692  0.0212085
0.69525  0.0215997
0.6985  0.0219713
0.70175  0.0223233
0.705  0.0226555
0.70825  0.0229682
0.7115  0.0232613
0.71475  0.023535
0.718  0.0237895
0.72125  0.0240248
0.7245  0.0242414
0.72775  0.0244393
0.731  0.0246189
0.73425  0.0247805
0.7375  0.0249243
0.74075  0.0250507
0.744  0.02516
0.74725  0.0252526
0.7505  0.0253287
0.75375  0.0253889
0.757  0.0254335
0.76025  0.0254628
0.7635  0.0254772
0.76675  0.0254772
0.77  0.0254631
0.77325  0.0254353
0.7765  0.0253942
0.77975  0.0253403
0.783  0.0252738
0.78625  0.0251953
0.7895  0.025105
0.79275  0.0250035
0.796  0.024891
0.79925  0.024768
0.8025  0.0246349
0.80575  0.024492
0.809  0.0243397
0.81225  0.0241785
0.8155  0.0240085
0.81875  0.0238303
0.822  0.0236441
0.82525  0.0234504
0.8285  0.0232494
0.83175  0.0230416
0.835  0.0228272
0.83825  0.0226066
0.8415  0.0223801
0.84475  0.022148
0.848  0.0219106
0.85125  0.0216683
0.8545  0.0214213
0.85775  0.02117
0.861  0.0209146
0.86425  0.0206554
0.8675  0.0203927
0.87075  0.0201267
0.874  0.0198578
0.87725  0.0195862
0.8805  0.0193121
0.88375  0.0190357
0.887  0.0187575
0.89025  0.0184774
0.8935  0.0181959
0.89675  0.0179131
0.9  0.0176293
0.90325  0.0173446
0.9065  0.0170592
0.90975  0.0167734
0.913  0.0164874
0.91625  0.0162014
0.9195  0.0159155
0.92275  0.0156299
0.926  0.0153448
0.92925  0.0150604
0.9325  0.0147768
0.93575  0.0144942
0.939  0.0142128
0.94225  0.0139326
0.9455  0.0136539
0.94875  0.0133768
0.952  0.0131015
0.95525  0.012828
0.9585  0.0125565
0.96175  0.0122871
0.965  0.0120199
0.96825  0.011755
0.9715  0.0114927
0.97475  0.0112328
0.978  0.0109757
0.98125  0.0107213
0.9845  0.0104697
0.98775  0.0102211
0.991  0.00997551
0.99425  0.00973303
0.9975  0.00949373
1.00075  0.0092577
1.004  0.00902499
1.00725  0.00879569
1.0105  0.00856985
1.01375  0.00834753
1.017  0.00812878
1.02025  0.00791368
1.0235  0.00770225
1.02675  0.00749456
1.03  0.00729064
1.03325  0.00709055
1.0365  0.0068943
1.03975  0.00670195
1.043  0.00651353
1.04625  0.00632906
1.0495  0.00614857
1.05275  0.00597209
1.056  0.00579964
1.05925  0.00563124
1.0625  0.00546691
1.06575  0.00530666
1.069  0.00515051
1.07225  0.00499847
1.0755  0.00485054
1.07875  0.00470673
1.082  0.00456705
1.08525  0.0044315
1.0885  0.00430008
1.09175  0.00417279
1.095  0.00404963
1.09825  0.00393058
1.1015  0.00381565
1.10475  0.00370483
1.108  0.0035981
1.11125  0.00349546
1.1145  0.00339689
1.11775  0.00330237
1.121  0.00321191
1.12425  0.00312546
1.1275  0.00304303
1.13075  0.00296458
1.134  0.0028901
1.13725  0.00281956
1.1405  0.00275295
1.14375  0.00269023
1.147  0.00263139
1.15025  0.00257639
1.1535  0.00252522
1.15675  0.00247783
1.16  0.00243421
1.16325  0.00239432
1.1665  0.00235814
1.16975  0.00232563
1.173  0.00229676
1.17625  0.00227149
1.1795  0.0022498
1.18275  0.00223166
1.186  0.00221701
1.18925  0.00220584
1.1925  0.00219811
1.19575  0.00219377
1.199  0.0021928
1.20225  0.00219515
1.2055  0.00220079
1.20875  0.00220969
1.212  0.00222179
1.21525  0.00223708
1.2185  0.00225549
1.22175  0.00227701
1.225  0.00230159
1.22825  0.00232918
1.2315  0.00235976
1.23475  0.00239327
1.238  0.00242969
1.24125  0.00246897
1.2445  0.00251106
1.24775  0.00255594
1.251  0.00260356
1.25425  0.00265387
1.2575  0.00270685
1.26075  0.00276244
1.264  0.00282061
1.26725  0.00288133
1.2705  0.00294453
1.27375  0.0030102
1.277  0.00307829
1.28025  0.00314875
1.2835  0.00322154
1.28675  0.00329664
1.29  0.00337399
1.29325  0.00345356
1.2965  0.00353531
1.29975  0.0036192
1.303  0.00370519
1.30625  0.00379323
1.3095  0.0038833
1.31275  0.00397535
1.316  0.00406935
1.31925  0.00416525
1.3225  0.00426302
1.32575  0.00436262
1.329  0.00446401
1.33225  0.00456716
1.3355  0.00467202
1.33875  0.00477857
1.342  0.00488676
1.34525  0.00499656
1.3485  0.00510793
1.35175  0.00522083
1.355  0.00533524
1.35825  0.00545111
1.3615  0.00556841
1.36475  0.00568711
1.368  0.00580717
1.37125  0.00592856
1.3745  0.00605124
1.37775  0.00617518
1.381  0.00630035
1.38425  0.00642671
1.3875  0.00655423
1.39075  0.00668289
1.394  0.00681264
1.39725  0.00694346
1.4005  0.00707531
1.40375  0.00720817
1.407  0.007342
1.41025  0.00747678
1.4135  0.00761247
1.41675  0.00774905
1.42  0.00788648
1.42325  0.00802474
1.4265  0.0081638
1.42975  0.00830362
1.433  0.00844419
1.43625  0.00858548
1.4395  0.00872745
1.44275  0.00887008
1.446  0.00901335
1.44925  0.00915723
1.4525  0.00930169
1.45575  0.0094467
1.459  0.00959225
1.46225  0.00973831
1.4655  0.00988485
1.46875  0.0100318
1.472  0.0101793
1.47525  0.0103271
1.4785  0.0104754
1.48175  0.010624
1.485  0.0107729
1.48825  0.0109222
1.4915  0.0110718
1.49475  0.0112216
1.498  0.0113717
1.50125  0.011522
1.5045  0.0116726
1.50775  0.0118233
1.511  0.0119743
1.51425  0.0121254
1.5175  0.0122766
1.52075  0.0124279
1.524  0.0125793
1.52725  0.0127309
1.5305  0.0128824
1.53375  0.0130341
1.537  0.0131857
1.54025  0.0133374
1.5435  0.013489
1.54675  0.0136407
1.55  0.0137923
1.55325  0.0139438
1.5565  0.0140953
1.55975  0.0142466
1.563  0.0143979
1.56625  0.0145491
1.5695  0.0147001
1.57275  0.014851
1.576  0.0150017
1.57925  0.0151523
1.5825  0.0153026
1.58575  0.0154528
1.589  0.0156027
1.59225  0.0157524
1.5955  0.0159019
1.59875  0.0160511
1.602  0.0162001
1.60525  0.0163488
1.6085  0.0164972
1.61175  0.0166453
1.615  0.016793
1.61825  0.0169405
1.6215  0.0170876
1.62475  0.0172344
1.628  0.0173808
1.63125  0.0175269
1.6345  0.0176726
1.63775  0.0178179
1.641  0.0179628
1.64425  0.0181074
1.6475  0.0182515
1.65075  0.0183952
1.654  0.0185384
1.65725  0.0186812
1.6605  0.0188236
1.66375  0.0189655
1.667  0.019107
1.67025  0.019248
1.6735  0.0193885
1.67675  0.0195285
1.68  0.0196681
1.68325  0.0198071
1.6865  0.0199457
1.68975  0.0200837
1.693  0.0202212
1.69625  0.0203582
1.6995  0.0204947
1.70275  0.0206306
1.706  0.020766
1.70925  0.0209008
1.7125  0.0210351
1.71575  0.0211688
1.719  0.021302
1.72225  0.0214346
1.7255  0.0215666
1.72875  0.021698
1.732  0.0218289
1.73525  0.0219592
1.7385  0.0220889
1.74175  0.0222179
1.745  0.0223464
1.74825  0.0224743
1.7515  0.0226016
1.75475  0.0227283
1.758  0.0228543
1.76125  0.0229798
1.7645  0.0231046
1.76775  0.0232288
1.771  0.0233523
1.77425  0.0234753
1.7775  0.0235976
1.78075  0.0237192
1.784  0.0238403
1.78725  0.0239607
1.7905  0.0240804
1.79375  0.0241995
1.797  0.024318
1.80025  0.0244358
1.8035  0.024553
1.80675  0.0246695
1.81  0.0247853
1.81325  0.0249005
1.8165  0.025015
1.81975  0.0251289
1.823  0.0252421
1.82625  0.0253547
1.8295  0.0254666
1.83275  0.0255778
1.836  0.0256884
1.83925  0.0257983
1.8425  0.0259075
1.84575  0.0260161
1.849  0.026124
1.85225  0.0262312
1.8555  0.0263378
1.85875  0.0264437
1.862  0.0265489
1.86525  0.0266535
1.8685  0.0267574
1.87175  0.0268606
1.875  0.0269631
1.87825  0.027065
1.8815  0.0271662
1.88475  0.0272667
1.888  0.0273666
1.89125  0.0274658
1.8945  0.0275643
1.89775  0.0276621
1.901  0.0277593
1.90425  0.0278558
1.9075  0.0279517
1.91075  0.0280469
1.914  0.0281414
1.91725  0.0282352
1.9205  0.0283284
1.92375  0.0284209
1.927  0.0285128
1.93025  0.028604
1.9335  0.0286945
1.93675  0.0287843
1.94  0.0288735
1.94325  0.0289621
1.9465  0.02905
1.94975  0.0291372
1.953  0.0292238
1.95625  0.0293097
1.9595  0.029395
1.96275  0.0294796
1.966  0.0295636
1.96925  0.0296469
1.9725  0.0297295
1.97575  0.0298116
1.979  0.0298929
1.98225  0.0299737
1.9855  0.0300538
1.98875  0.0301332
1.992  0.030212
1.99525  0.0302902
1.9985  0.0303678
2.00175  0.0304447
2.005  0.0305209
2.00825  0.0305966
2.0115  0.0306716
2.01475  0.030746
2.018  0.0308198
2.02125  0.0308929
2.0245  0.0309654
2.02775  0.0310374
2.031  0.0311086
2.03425  0.0311793
2.0375  0.0312494
2.04075  0.0313188
2.044  0.0313877
2.04725  0.0314559
2.0505  0.0315235
2.05375  0.0315906
2.057  0.031657
2.06025  0.0317228
2.0635  0.0317881
2.06675  0.0318527
2.07  0.0319167
2.07325  0.0319802
2.0765  0.0320431
2.07975  0.0321053
2.083  0.032167
2.08625  0.0322282
2.0895  0.0322887
2.09275  0.0323487
2.096  0.0324081
2.09925  0.0324669
2.1025  0.0325251
2.10575  0.0325828
2.109  0.0326399
2.11225  0.0326965
2.1155  0.0327525
2.11875  0.0328079
2.122  0.0328628
2.12525  0.0329171
2.1285  0.0329709
2.13175  0.0330241
2.135  0.0330768
2.13825  0.0331289
2.1415  0.0331805
2.14475  0.0332316
2.148  0.0332821
2.15125  0.0333321
2.1545  0.0333815
2.15775  0.0334304
2.161  0.0334788
2.16425  0.0335267
2.1675  0.0335741
2.17075  0.0336209
2.174  0.0336672
2.17725  0.033713
2.1805  0.0337583
2.18375  0.0338031
2.187  0.0338473
2.19025  0.0338911
2.1935  0.0339344
2.19675  0.0339771
2.2  0.0340194
2.20325  0.0340611
2.2065  0.0341024
2.20975  0.0341432
2.213  0.0341835
2.21625  0.0342233
2.2195  0.0342626
2.22275  0.0343015
2.226  0.0343398
2.22925  0.0343777
2.2325  0.0344152
2.23575  0.0344521
2.239  0.0344886
2.24225  0.0345246
2.2455  0.0345602
2.24875  0.0345953
2.252  0.0346299
2.25525  0.0346641
2.2585  0.0346978
2.26175  0.0347311
2.265  0.0347639
2.26825  0.0347963
2.2715  0.0348282
2.27475  0.0348597
2.278  0.0348907
2.28125  0.0349213
2.2845  0.0349515
2.28775  0.0349813
2.291  0.0350106
2.29425  0.0350395
2.2975  0.0350679
2.30075  0.035096
2.304  0.0351236
2.30725  0.0351508
2.3105  0.0351776
2.31375  0.035204
2.317  0.03523
2.32025  0.0352555
2.3235  0.0352807
2.32675  0.0353054
2.33  0.0353298
2.33325  0.0353537
2.3365  0.0353773
2.33975  0.0354004
2.343  0.0354232
2.34625  0.0354456
2.3495  0.0354676
2.35275  0.0354892
2.356  0.0355104
2.35925  0.0355312
2.3625  0.0355517
2.36575  0.0355718
2.369  0.0355915
2.37225  0.0356108
2.3755  0.0356298
2.37875  0.0356484
2.382  0.0356666
2.38525  0.0356845
2.3885  0.035702
2.39175  0.0357192
2.395  0.035736
2.39825  0.0357524
2.4015  0.0357685
2.40475  0.0357842
2.408  0.0357996
2.41125  0.0358147
2.4145  0.0358294
2.41775  0.0358438
2.421  0.0358578
2.42425  0.0358715
2.4275  0.0358848
2.43075  0.0358979
2.434  0.0359106
2.43725  0.0359229
2.4405  0.035935
2.44375  0.0359467
2.447  0.0359581
2.45025  0.0359691
2.4535  0.0359799
2.45675  0.0359903
2.46  0.0360004
2.46325  0.0360103
2.4665  0.0360198
2.46975  0.036029
2.473  0.0360378
2.47625  0.0360464
2.4795  0.0360547
2.48275  0.0360627
2.486  0.0360704
2.48925  0.0360778
2.4925  0.0360848
2.49575  0.0360916
2.499  0.0360982
2.50225  0.0361044
2.5055  0.0361103
2.50875  0.036116
2.512  0.0361213
2.51525  0.0361264
2.5185  0.0361312
2.52175  0.0361357
2.525  0.03614
2.52825  0.036144
2.5315  0.0361477
2.53475  0.0361511
2.538  0.0361543
2.54125  0.0361572
2.5445  0.0361599
2.54775  0.0361622
2.551  0.0361643
2.55425  0.0361662
2.5575  0.0361678
2.56075  0.0361692
2.564  0.0361703
2.56725  0.0361711
2.5705  0.0361717
2.57375  0.036172
2.577  0.0361721
2.58025  0.036172
2.5835  0.0361716
2.58675  0.036171
2.59  0.0361701
2.59325  0.036169
2.5965  0.0361676
2.59975  0.036166
2.603  0.0361642
2.60625  0.0361622
2.6095  0.0361599
2.61275  0.0361574
2.616  0.0361547
2.61925  0.0361517
2.6225  0.0361485
2.62575  0.0361451
2.629  0.0361415
2.63225  0.0361377
2.6355  0.0361336
2.63875  0.0361293
2.642  0.0361248
2.64525  0.0361201
2.6485  0.0361152
2.65175  0.0361101
2.655  0.0361048
2.65825  0.0360993
2.6615  0.0360935
2.66475  0.0360876
2.668  0.0360814
2.67125  0.0360751
2.6745  0.0360686
2.67775  0.0360618
2.681  0.0360549
2.68425  0.0360477
2.6875  0.0360404
2.69075  0.0360329
2.694  0.0360252
2.69725  0.0360173
2.7005  0.0360092
2.70375  0.036001
2.707  0.0359925
2.71025  0.0359839
2.7135  0.0359751
2.71675  0.0359661
2.72  0.0359569
2.72325  0.0359475
2.7265  0.035938
2.72975  0.0359283
2.733  0.0359184
2.73625  0.0359084
2.7395  0.0358982
2.74275  0.0358878
2.746  0.0358772
2.74925  0.0358665
2.7525  0.0358556
2.75575  0.0358446
2.759  0.0358333
2.76225  0.035822
2.7655  0.0358104
2.76875  0.0357987
2.772  0.0357869
2.77525  0.0357749
2.7785  0.0357627
2.78175  0.0357504
2.785  0.0357379
2.78825  0.0357253
2.7915  0.0357125
2.79475  0.0356995
2.798  0.0356865
2.80125  0.0356732
2.8045  0.0356599
2.80775  0.0356464
2.811  0.0356327
2.81425  0.0356189
2.8175  0.035605
2.82075  0.0355909
2.824  0.0355766
2.82725  0.0355623
2.8305  0.0355478
2.83375  0.0355332
2.837  0.0355184
2.84025  0.0355035
2.8435  0.0354885
2.84675  0.0354733
2.85  0.035458
2.85325  0.0354426
2.8565  0.035427
2.85975  0.0354113
2.863  0.0353955
2.86625  0.0353796
2.8695  0.0353636
2.87275  0.0353474
2.876  0.0353311
2.87925  0.0353147
2.8825  0.0352981
2.88575  0.0352815
2.889  0.0352647
2.89225  0.0352478
2.8955  0.0352308
2.89875  0.0352137
2.902  0.0351964
2.90525  0.0351791
2.9085  0.0351616
2.91175  0.0351441
2.915  0.0351264
2.91825  0.0351086
2.9215  0.0350907
2.92475  0.0350727
2.928  0.0350546
2.93125  0.0350364
2.9345  0.0350181
2.93775  0.0349996
2.941  0.0349811
2.94425  0.0349625
2.9475  0.0349438
2.95075  0.0349249
2.954  0.034906
2.95725  0.034887
2.9605  0.0348679
2.96375  0.0348486
2.967  0.0348293
2.97025  0.0348099
2.9735  0.0347904
2.97675  0.0347708
2.98  0.0347512
2.98325  0.0347314
2.9865  0.0347115
2.98975  0.0346916
2.993  0.0346715
2.99625  0.0346514
2.9995  0.0346312
3.00275  0.0346109
3.006  0.0345905
3.00925  0.03457
3.0125  0.0345495
3.01575  0.0345288
3.019  0.0345081
3.02225  0.0344873
3.0255  0.0344664
3.02875  0.0344454
3.032  0.0344244
3.03525  0.0344033
3.0385  0.0343821
3.04175  0.0343608
3.045  0.0343395
3.04825  0.034318
3.0515  0.0342965
3.05475  0.034275
3.058  0.0342533
3.06125  0.0342316
3.0645  0.0342098
3.06775  0.034188
3.071  0.034166
3.07425  0.034144
3.0775  0.034122
3.08075  0.0340998
3.084  0.0340776
3.08725  0.0340553
3.0905  0.034033
3.09375  0.0340106
3.097  0.0339881
3.10025  0.0339656
3.1035  0.033943
3.10675  0.0339203
3.11  0.0338976
3.11325  0.0338748
3.1165  0.033852
3.11975  0.0338291
3.123  0.0338061
3.12625  0.0337831
3.1295  0.03376
3.13275  0.0337369
3.136  0.0337137
3.13925  0.0336905
3.1425  0.0336672
3.14575  0.0336438
3.149  0.0336204
3.15225  0.0335969
3.1555  0.0335734
3.15875  0.0335498
3.162  0.0335262
3.16525  0.0335025
3.1685  0.0334788
3.17175  0.033455
3.175  0.0334312
3.17825  0.0334073
3.1815  0.0333834
3.18475  0.0333594
3.188  0.0333354
3.19125  0.0333113
3.1945  0.0332872
3.19775  0.0332631
3.201  0.0332388
3.20425  0.0332146
3.2075  0.0331903
3.21075  0.033166
3.214  0.0331416
3.21725  0.0331172
3.2205  0.0330927
3.22375  0.0330682
3.227  0.0330436
3.23025  0.033019
3.2335  0.0329944
3.23675  0.0329697
3.24  0.032945
3.24325  0.0329203
3.2465  0.0328955
3.24975  0.0328707
3.253  0.0328458
3.25625  0.0328209
3.2595  0.032796
3.26275  0.032771
3.266  0.032746
3.26925  0.032721
3.2725  0.0326959
3.27575  0.0326708
3.279  0.0326457
3.28225  0.0326205
3.2855  0.0325953
3.28875  0.03257
3.292  0.0325448
3.29525  0.0325195
3.2985  0.0324941
3.30175  0.0324688
3.305  0.0324434
3.30825  0.032418
3.3115  0.0323925
3.31475  0.032367
3.318  0.0323415
3.32125  0.032316
3.3245  0.0322904
3.32775  0.0322649
3.331  0.0322392
3.33425  0.0322136
3.3375  0.0321879
3.34075  0.0321622
3.344  0.0321365
3.34725  0.0321108
3.3505  0.032085
3.35375  0.0320592
3.357  0.0320334
3.36025  0.0320076
3.3635  0.0319817
3.36675  0.0319559
3.37  0.03193
3.37325  0.0319041
3.3765  0.0318781
3.37975  0.0318521
3.383  0.0318262
3.38625  0.0318002
3.3895  0.0317741
3.39275  0.0317481
3.396  0.031722
3.39925  0.031696
3.4025  0.0316699
3.40575  0.0316438
3.409  0.0316176
3.41225  0.0315915
3.4155  0.0315653
3.41875  0.0315391
3.422  0.031513
3.42525  0.0314867
3.4285  0.0314605
3.43175  0.0314343
3.435  0.031408
3.43825  0.0313817
3.4415  0.0313555
3.44475  0.0313292
3.448  0.0313029
3.45125  0.0312765
3.4545  0.0312502
3.45775  0.0312238
3.461  0.0311975
3.46425  0.0311711
3.4675  0.0311447
3.47075  0.0311183
3.474  0.0310919
3.47725  0.0310655
3.4805  0.0310391
3.48375  0.0310126
3.487  0.0309862
3.49025  0.0309597
3.4935  0.0309333
3.49675  0.0309068
3.5  0.0308803
3.50325  0.0308538
3.5065  0.0308273
3.50975  0.0308008
3.513  0.0307743
3.51625  0.0307478
3.5195  0.0307213
3.52275  0.0306947
3.526  0.0306682
3.52925  0.0306417
3.5325  0.0306151
3.53575  0.0305885
3.539  0.030562
3.54225  0.0305354
3.5455  0.0305088
3.54875  0.0304823
3.552  0.0304557
3.55525  0.0304291
3.5585  0.0304025
3.56175  0.0303759
3.565  0.0303493
3.56825  0.0303227
3.5715  0.0302961
3.57475  0.0302695
3.578  0.0302429
3.58125  0.0302163
3.5845  0.0301897
3.58775  0.0301631
3.591  0.0301365
3.59425  0.0301099
3.5975  0.0300833
3.60075  0.0300566
3.604  0.03003
3.60725  0.0300034
3.6105  0.0299768
3.61375  0.0299502
3.617  0.0299236
3.62025  0.0298969
3.6235  0.0298703
3.62675  0.0298437
3.63  0.0298171
3.63325  0.0297905
3.6365  0.0297639
3.63975  0.0297373
3.643  0.0297107
3.64625  0.0296841
3.6495  0.0296575
3.65275  0.0296309
3.656  0.0296043
3.65925  0.0295777
3.6625  0.0295511
3.66575  0.0295245
3.669  0.029498
3.67225  0.0294714
3.6755  0.0294448
3.67875  0.0294182
3.682  0.0293917
3.68525  0.0293651
3.6885  0.0293386
3.69175  0.029312
3.695  0.0292855
3.69825  0.0292589
3.7015  0.0292324
3.70475  0.0292059
3.708  0.0291794
3.71125  0.0291528
3.7145  0.0291263
3.71775  0.0290998
3.721  0.0290733
3.72425  0.0290468
3.7275  0.0290204
3.73075  0.0289939
3.734  0.0289674
3.73725  0.028941
3.7405  0.0289145
3.74375  0.0288881
3.747  0.0288616
3.75025  0.0288352
3.7535  0.0288088
3.75675  0.0287824
3.76  0.028756
3.76325  0.0287296
3.7665  0.0287032
3.76975  0.0286768
3.773  0.0286504
3.77625  0.0286241
3.7795  0.0285977
3.78275  0.0285714
3.786  0.0285451
3.78925  0.0285187
3.7925  0.0284924
3.79575  0.0284661
3.799  0.0284398
3.80225  0.0284136
3.8055  0.0283873
3.80875  0.028361
3.812  0.0283348
3.81525  0.0283085
3.8185  0.0282823
3.82175  0.0282561
3.825  0.0282299
3.82825  0.0282037
3.8315  0.0281775
3.83475  0.0281514
3.838  0.0281252
3.84125  0.0280991
3.8445  0.0280729
3.84775  0.0280468
3.851  0.0280207
3.85425  0.0279946
3.8575  0.0279685
3.86075  0.0279424
3.864  0.0279164
3.86725  0.0278903
3.8705  0.0278643
3.87375  0.0278383
3.877  0.0278123
3.88025  0.0277863
3.8835  0.0277603
3.88675  0.0277343
3.89  0.0277084
3.89325  0.0276825
3.8965  0.0276565
3.89975  0.0276306
3.903  0.0276047
3.90625  0.0275788
3.9095  0.027553
3.91275  0.0275271
3.916  0.0275013
3.91925  0.0274755
3.9225  0.0274496
3.92575  0.0274239
3.929  0.0273981
3.93225  0.0273723
3.9355  0.0273466
3.93875  0.0273208
3.942  0.0272951
3.94525  0.0272694
3.9485  0.0272437
3.95175  0.027218
3.955  0.0271924
3.95825  0.0271667
3.9615  0.0271411
3.96475  0.0271155
3.968  0.0270899
3.97125  0.0270643
3.9745  0.0270388
3.97775  0.0270132
3.981  0.0269877
3.98425  0.0269622
3.9875  0.0269367
3.99075  0.0269112
3.994  0.0268858
3.99725  0.0268603
4.0005  0.0268349
4.00375  0.0268095
4.007  0.0267841
4.01025  0.0267587
4.0135  0.0267333
4.01675  0.026708
4.02  0.0266827
4.02325  0.0266574
4.0265  0.0266321
4.02975  0.0266068
4.033  0.0265815
4.03625  0.0265563
4.0395  0.0265311
4.04275  0.0265059
4.046  0.0264807
4.04925  0.0264555
4.0525  0.0264304
4.05575  0.0264053
4.059  0.0263801
4.06225  0.0263551
4.0655  0.02633
4.06875  0.0263049
4.072  0.0262799
4.07525  0.0262549
4.0785  0.0262299
4.08175  0.0262049
4.085  0.0261799
4.08825  0.026155
4.0915  0.02613
4.09475  0.0261051
4.098  0.0260802
4.10125  0.0260554
4.1045  0.0260305
4.10775  0.0260057
4.111  0.0259809
4.11425  0.0259561
4.1175  0.0259313
4.12075  0.0259066
4.124  0.0258818
4.12725  0.0258571
4.1305  0.0258324
4.13375  0.0258077
4.137  0.0257831
4.14025  0.0257584
4.1435  0.0257338
4.14675  0.0257092
4.15  0.0256846
4.15325  0.0256601
4.1565  0.0256355
4.15975  0.025611
4.163  0.0255865
4.16625  0.025562
4.1695  0.0255376
4.17275  0.0255131
4.176  0.0254887
4.17925  0.0254643
4.1825  0.0254399
4.18575  0.0254156
4.189  0.0253912
4.19225  0.0253669
4.1955  0.0253426
4.19875  0.0253184
4.202  0.0252941
4.20525  0.0252699
4.2085  0.0252457
4.21175  0.0252215
4.215  0.0251973
4.21825  0.0251731
4.2215  0.025149
4.22475  0.0251249
4.228  0.0251008
4.23125  0.0250767
4.2345  0.0250527
4.23775  0.0250287
4.241  0.0250046
4.24425  0.0249807
4.2475  0.0249567
4.25075  0.0249327
4.254  0.0249088
4.25725  0.0248849
4.2605  0.024861
4.26375  0.0248372
4.267  0.0248133
4.27025  0.0247895
4.2735  0.0247657
4.27675  0.024742
4.28  0.0247182
4.28325  0.0246945
4.2865  0.0246708
4.28975  0.0246471
4.293  0.0246234
4.29625  0.0245998
4.2995  0.0245761
4.30275  0.0245525
4.306  0.024529
4.30925  0.0245054
4.3125  0.0244819
4.31575  0.0244583
4.319  0.0244348
4.32225  0.0244114
4.3255  0.0243879
4.32875  0.0243645
4.332  0.0243411
4.33525  0.0243177
4.3385  0.0242943
4.34175  0.024271
4.345  0.0242477
4.34825  0.0242244
4.3515  0.0242011
4.35475  0.0241778
4.358  0.0241546
4.36125  0.0241314
4.3645  0.0241082
4.36775  0.0240851
4.371  0.0240619
4.37425  0.0240388
4.3775  0.0240157
4.38075  0.0239926
4.384  0.0239695
4.38725  0.0239465
4.3905  0.0239235
4.39375  0.0239005
4.397  0.0238775
4.40025  0.0238546
4.4035  0.0238317
4.40675  0.0238088
4.41  0.0237859
4.41325  0.023763
4.4165  0.0237402
4.41975  0.0237174
4.423  0.0236946
4.42625  0.0236718
4.4295  0.0236491
4.43275  0.0236264
4.436  0.0236037
4.43925  0.023581
4.4425  0.0235583
4.44575  0.0235357
4.449  0.0235131
4.45225  0.0234905
4.4555  0.0234679
4.45875  0.0234454
4.462  0.0234229
4.46525  0.0234004
4.4685  0.0233779
4.47175  0.0233554
4.475  0.023333
4.47825  0.0233106
4.4815  0.0232882
4.48475  0.0232658
4.488  0.0232435
4.49125  0.0232212
4.4945  0.0231989
4.49775  0.0231766
4.501  0.0231544
4.50425  0.0231321
4.5075  0.0231099
4.51075  0.0230877
4.514  0.0230656
4.51725  0.0230434
4.5205  0.0230213
4.52375  0.0229992
4.527  0.0229772
4.53025  0.0229551
4.5335  0.0229331
4.53675  0.0229111
4.54  0.0228891
4.54325  0.0228672
4.5465  0.0228452
4.54975  0.0228233
4.553  0.0228014
4.55625  0.0227795
4.5595  0.0227577
4.56275  0.0227359
4.566  0.0227141
4.56925  0.0226923
4.5725  0.0226706
4.57575  0.0226488
4.579  0.0226271
4.58225  0.0226054
4.5855  0.0225838
4.58875  0.0225621
4.592  0.0225405
4.59525  0.0225189
4.5985  0.0224973
4.60175  0.0224758
4.605  0.0224543
4.60825  0.0224327
4.6115  0.0224113
4.61475  0.0223898
4.618  0.0223684
4.62125  0.022347
4.6245  0.0223256
4.62775  0.0223042
4.631  0.0222828
4.63425  0.0222615
4.6375  0.0222402
4.64075  0.0222189
4.644  0.0221977
4.64725  0.0221765
4.6505  0.0221552
4.65375  0.0221341
4.657  0.0221129
4.66025  0.0220917
4.6635  0.0220706
4.66675  0.0220495
4.67  0.0220285
4.67325  0.0220074
4.6765  0.0219864
4.67975  0.0219654
4.683  0.0219444
4.68625  0.0219234
4.6895  0.0219025
4.69275  0.0218816
4.696  0.0218607
4.69925  0.0218398
4.7025  0.0218189
4.70575  0.0217981
4.709  0.0217773
4.71225  0.0217565
4.7155  0.0217358
4.71875  0.021715
4.722  0.0216943
4.72525  0.0216736
4.7285  0.021653
4.73175  0.0216323
4.735  0.0216117
4.73825  0.0215911
4.7415  0.0215705
4.74475  0.0215499
4.748  0.0215294
4.75125  0.0215089
4.7545  0.0214884
4.75775  0.0214679
4.761  0.0214475
4.76425  0.0214271
4.7675  0.0214067
4.77075  0.0213863
4.774  0.0213659
4.77725  0.0213456
4.7805  0.0213253
4.78375  0.021305
4.787  0.0212847
4.79025  0.0212645
4.7935  0.0212443
4.79675  0.0212241
4.8  0.0212039
4.80325  0.0211838
4.8065  0.0211636
4.80975  0.0211435
4.813  0.0211234
4.81625  0.0211034
4.8195  0.0210833
4.82275  0.0210633
4.826  0.0210433
4.82925  0.0210233
4.8325  0.0210034
4.83575  0.0209834
4.839  0.0209635
4.84225  0.0209436
4.8455  0.0209238
4.84875  0.0209039
4.852  0.0208841
4.85525  0.0208643
4.8585  0.0208445
4.86175  0.0208248
4.865  0.020805
4.86825  0.0207853
4.8715  0.0207656
4.87475  0.020746
4.878  0.0207263
4.88125  0.0207067
4.8845  0.0206871
4.88775  0.0206675
4.891  0.020648
4.89425  0.0206284
4.8975  0.0206089
4.90075  0.0205894
4.904  0.02057
4.90725  0.0205505
4.9105  0.0205311
4.91375  0.0205117
4.917  0.0204923
4.92025  0.020473
4.9235  0.0204536
4.92675  0.0204343
4.93  0.020415
4.93325  0.0203957
4.9365  0.0203765
4.93975  0.0203573
4.943  0.0203381
4.94625  0.0203189
4.9495  0.0202997
4.95275  0.0202806
4.956  0.0202615
4.95925  0.0202424
4.9625  0.0202233
4.96575  0.0202042
4.969  0.0201852
4.97225  0.0201662
4.9755  0.0201472
4.97875  0.0201282
4.982  0.0201093
4.98525  0.0200904
4.9885  0.0200715
4.99175  0.0200526
4.995  0.0200337
4.99825  0.0200149
5.0015  0.0199961
5.00475  0.0199773
5.008  0.0199585
5.01125  0.0199397
5.0145  0.019921
5.01775  0.0199023
5.021  0.0198836
5.02425  0.0198649
5.0275  0.0198463
5.03075  0.0198277
5.034  0.0198091
5.03725  0.0197905
5.0405  0.0197719
5.04375  0.0197534
5.047  0.0197349
5.05025  0.0197164
5.0535  0.0196979
5.05675  0.0196794
5.06  0.019661
5.06325  0.0196426
5.0665  0.0196242
5.06975  0.0196058
5.073  0.0195875
5.07625  0.0195692
5.0795  0.0195509
5.08275  0.0195326
5.086  0.0195143
5.08925  0.0194961
5.0925  0.0194778
5.09575  0.0194596
5.099  0.0194415
5.10225  0.0194233
5.1055  0.0194052
5.10875  0.0193871
5.112  0.019369
5.11525  0.0193509
5.1185  0.0193328
5.12175  0.0193148
5.125  0.0192968
5.12825  0.0192788
5.1315  0.0192608
5.13475  0.0192429
5.138  0.0192249
5.14125  0.019207
5.1445  0.0191891
5.14775  0.0191713
5.151  0.0191534
5.15425  0.0191356
5.1575  0.0191178
5.16075  0.0191
5.164  0.0190823
5.16725  0.0190645
5.1705  0.0190468
5.17375  0.0190291
5.177  0.0190114
5.18025  0.0189937
5.1835  0.0189761
5.18675  0.0189585
5.19  0.0189409
5.19325  0.0189233
5.1965  0.0189057
5.19975  0.0188882
5.203  0.0188707
5.20625  0.0188532
5.2095  0.0188357
5.21275  0.0188183
5.216  0.0188008
5.21925  0.0187834
5.2225  0.018766
5.22575  0.0187486
5.229  0.0187313
5.23225  0.0187139
5.2355  0.0186966
5.23875  0.0186793
5.242  0.0186621
5.24525  0.0186448
5.2485  0.0186276
5.25175  0.0186104
5.255  0.0185932
5.25825  0.018576
5.2615  0.0185588
5.26475  0.0185417
5.268  0.0185246
5.27125  0.0185075
5.2745  0.0184904
5.27775  0.0184734
5.281  0.0184563
5.28425  0.0184393
5.2875  0.0184223
5.29075  0.0184054
5.294  0.0183884
5.29725  0.0183715
5.3005  0.0183546
5.30375  0.0183377
5.307  0.0183208
5.31025  0.0183039
5.3135  0.0182871
5.31675  0.0182703
5.32  0.0182535
5.32325  0.0182367
5.3265  0.0182199
5.32975  0.0182032
5.333  0.0181865
5.33625  0.0181698
5.3395  0.0181531
5.34275  0.0181365
5.346  0.0181198
5.34925  0.0181032
5.3525  0.0180866
5.35575  0.01807
5.359  0.0180534
5.36225  0.0180369
5.3655  0.0180204
5.36875  0.0180039
5.372  0.0179874
5.37525  0.0179709
5.3785  0.0179545
5.38175  0.0179381
5.385  0.0179217
5.38825  0.0179053
5.3915  0.0178889
5.39475  0.0178725
5.398  0.0178562
5.40125  0.0178399
5.4045  0.0178236
5.40775  0.0178073
5.411  0.0177911
5.41425  0.0177749
5.4175  0.0177586
5.42075  0.0177424
5.424  0.0177263
5.42725  0.0177101
5.4305  0.017694
5.43375  0.0176779
5.437  0.0176618
5.44025  0.0176457
5.4435  0.0176296
5.44675  0.0176136
5.45  0.0175975
5.45325  0.0175815
5.4565  0.0175655
5.45975  0.0175496
5.463  0.0175336
5.46625  0.0175177
5.4695  0.0175018
5.47275  0.0174859
5.476  0.01747
5.47925  0.0174542
5.4825  0.0174383
5.48575  0.0174225
5.489  0.0174067
5.49225  0.0173909
5.4955  0.0173751
5.49875  0.0173594
5.502  0.0173437
5.50525  0.017328
5.5085  0.0173123
5.51175  0.0172966
5.515  0.017281
5.51825  0.0172653
5.5215  0.0172497
5.52475  0.0172341
5.528  0.0172185
5.53125  0.017203
5.5345  0.0171874
5.53775  0.0171719
5.541  0.0171564
5.54425  0.0171409
5.5475  0.0171254
5.55075  0.01711
5.554  0.0170946
5.55725  0.0170791
5.5605  0.0170637
5.56375  0.0170484
5.567  0.017033
5.57025  0.0170177
5.5735  0.0170023
5.57675  0.016987
5.58  0.0169718
5.58325  0.0169565
5.5865  0.0169412
5.58975  0.016926
5.593  0.0169108
5.59625  0.0168956
5.5995  0.0168804
5.60275  0.0168652
5.606  0.0168501
5.60925  0.016835
5.6125  0.0168199
5.61575  0.0168048
5.619  0.0167897
5.62225  0.0167746
5.6255  0.0167596
5.62875  0.0167446
5.632  0.0167296
5.63525  0.0167146
5.6385  0.0166996
5.64175  0.0166847
5.645  0.0166698
5.64825  0.0166548
5.6515  0.0166399
5.65475  0.0166251
5.658  0.0166102
5.66125  0.0165954
5.6645  0.0165805
5.66775  0.0165657
5.671  0.0165509
5.67425  0.0165362
5.6775  0.0165214
5.68075  0.0165067
5.684  0.0164919
5.68725  0.0164772
5.6905  0.0164625
5.69375  0.0164479
5.697  0.0164332
5.70025  0.0164186
5.7035  0.016404
5.70675  0.0163894
5.71  0.0163748
5.71325  0.0163602
5.7165  0.0163457
5.71975  0.0163311
5.723  0.0163166
5.72625  0.0163021
5.7295  0.0162876
5.73275  0.0162732
5.736  0.0162587
5.73925  0.0162443
5.7425  0.0162299
5.74575  0.0162155
5.749  0.0162011
5.75225  0.0161868
5.7555  0.0161724
5.75875  0.0161581
5.762  0.0161438
5.76525  0.0161295
5.7685  0.0161152
5.77175  0.0161009
5.775  0.0160867
5.77825  0.0160725
5.7815  0.0160583
5.78475  0.0160441
5.788  0.0160299
5.79125  0.0160157
5.7945  0.0160016
5.79775  0.0159875
5.801  0.0159733
5.80425  0.0159593
5.8075  0.0159452
5.81075  0.0159311
5.814  0.0159171
5.81725  0.015903
5.8205  0.015889
5.82375  0.015875
5.827  0.0158611
5.83025  0.0158471
5.8335  0.0158332
5.83675  0.0158192
5.84  0.0158053
5.84325  0.0157914
5.8465  0.0157775
5.84975  0.0157637
5.853  0.0157498
5.85625  0.015736
5.8595  0.0157222
5.86275  0.0157084
5.866  0.0156946
5.86925  0.0156808
5.8725  0.0156671
5.87575  0.0156534
5.879  0.0156396
5.88225  0.0156259
5.8855  0.0156122
5.88875  0.0155986
5.892  0.0155849
5.89525  0.0155713
5.8985  0.0155577
5.90175  0.0155441
5.905  0.0155305
5.90825  0.0155169
5.9115  0.0155033
5.91475  0.0154898
5.918  0.0154763
5.92125  0.0154628
5.9245  0.0154493
5.92775  0.0154358
5.931  0.0154223
5.93425  0.0154089
5.9375  0.0153955
5.94075  0.015382
5.944  0.0153686
5.94725  0.0153553
5.9505  0.0153419
5.95375  0.0153285
5.957  0.0153152
5.96025  0.0153019
5.9635  0.0152886
5.96675  0.0152753
5.97  0.015262
5.97325  0.0152488
5.9765  0.0152355
5.97975  0.0152223
5.983  0.0152091
5.98625  0.0151959
5.9895  0.0151827
5.99275  0.0151695
5.996  0.0151564
5.99925  0.0151432
6.0025  0.0151301
6.00575  0.015117
6.009  0.0151039
6.01225  0.0150909
6.0155  0.0150778
6.01875  0.0150648
6.022  0.0150517
6.02525  0.0150387
6.0285  0.0150257
6.03175  0.0150127
6.035  0.0149998
6.03825  0.0149868
6.0415  0.0149739
6.04475  0.014961
6.048  0.0149481
6.05125  0.0149352
6.0545  0.0149223
6.05775  0.0149094
6.061  0.0148966
6.06425  0.0148838
6.0675  0.0148709
6.07075  0.0148581
6.074  0.0148454
6.07725  0.0148326
6.0805  0.0148198
6.08375  0.0148071
6.087  0.0147944
6.09025  0.0147816
6.0935  0.014769
6.09675  0.0147563
6.1  0.0147436
6.10325  0.014731
6.1065  0.0147183
6.10975  0.0147057
6.113  0.0146931
6.11625  0.0146805
6.1195  0.0146679
6.12275  0.0146553
6.126  0.0146428
6.12925  0.0146303
6.1325  0.0146177
6.13575  0.0146052
6.139  0.0145927
6.14225  0.0145803
6.1455  0.0145678
6.14875  0.0145554
6.152  0.0145429
6.15525  0.0145305
6.1585  0.0145181
6.16175  0.0145057
6.165  0.0144933
6.16825  0.014481
6.1715  0.0144686
6.17475  0.0144563
6.178  0.014444
6.18125  0.0144317
6.1845  0.0144194
6.18775  0.0144071
6.191  0.0143949
6.19425  0.0143826
6.1975  0.0143704
6.20075  0.0143582
6.204  0.014346
6.20725  0.0143338
6.2105  0.0143216
6.21375  0.0143094
6.217  0.0142973
6.22025  0.0142851
6.2235  0.014273
6.22675  0.0142609
6.23  0.0142488
6.23325  0.0142368
6.2365  0.0142247
6.23975  0.0142126
6.243  0.0142006
6.24625  0.0141886
6.2495  0.0141766
6.25275  0.0141646
6.256  0.0141526
6.25925  0.0141406
6.2625  0.0141287
6.26575  0.0141168
6.269  0.0141048
6.27225  0.0140929
6.2755  0.014081
6.27875  0.0140691
6.282  0.0140573
6.28525  0.0140454
6.2885  0.0140336
6.29175  0.0140217
6.295  0.0140099
6.29825  0.0139981
6.3015  0.0139863
6.30475  0.0139746
6.308  0.0139628
6.31125  0.0139511
6.3145  0.0139393
6.31775  0.0139276
6.321  0.0139159
6.32425  0.0139042
6.3275  0.0138925
6.33075  0.0138809
6.334  0.0138692
6.33725  0.0138576
6.3405  0.013846
6.34375  0.0138344
6.347  0.0138228
6.35025  0.0138112
6.3535  0.0137996
6.35675  0.013788
6.36  0.0137765
6.36325  0.013765
6.3665  0.0137535
6.36975  0.0137419
6.373  0.0137305
6.37625  0.013719
6.3795  0.0137075
6.38275  0.0136961
6.386  0.0136846
6.38925  0.0136732
6.3925  0.0136618
6.39575  0.0136504
6.399  0.013639
6.40225  0.0136276
6.4055  0.0136163
6.40875  0.0136049
6.412  0.0135936
6.41525  0.0135823
6.4185  0.013571
6.42175  0.0135597
6.425  0.0135484
6.42825  0.0135371
6.4315  0.0135259
6.43475  0.0135146
6.438  0.0135034
6.44125  0.0134922
6.4445  0.013481
6.44775  0.0134698
6.451  0.0134586
6.45425  0.0134474
6.4575  0.0134363
6.46075  0.0134251
6.464  0.013414
6.46725  0.0134029
6.4705  0.0133918
6.47375  0.0133807
6.477  0.0133696
6.48025  0.0133586
6.4835  0.0133475
6.48675  0.0133365
6.49  0.0133255
6.49325  0.0133144
6.4965  0.0133034
6.49975  0.0132925
6.503  0.0132815
6.50625  0.0132705
6.5095  0.0132596
6.51275  0.0132486
6.516  0.0132377
6.51925  0.0132268
6.5225  0.0132159
6.52575  0.013205
6.529  0.0131941
6.53225  0.0131833
6.5355  0.0131724
6.53875  0.0131616
6.542  0.0131507
6.54525  0.0131399
6.5485  0.0131291
6.55175  0.0131183
6.555  0.0131076
6.55825  0.0130968
6.5615  0.0130861
6.56475  0.0130753
6.568  0.0130646
6.57125  0.0130539
6.5745  0.0130432
6.57775  0.0130325
6.581  0.0130218
6.58425  0.0130111
6.5875  0.0130005
6.59075  0.0129898
6.594  0.0129792
6.59725  0.0129686
6.6005  0.012958
6.60375  0.0129474
6.607  0.0129368
6.61025  0.0129262
6.6135  0.0129157
6.61675  0.0129051
6.62  0.0128946
6.62325  0.0128841
6.6265  0.0128736
6.62975  0.0128631
6.633  0.0128526
6.63625  0.0128421
6.6395  0.0128316
6.64275  0.0128212
6.646  0.0128108
6.64925  0.0128003
6.6525  0.0127899
6.65575  0.0127795
6.659  0.0127691
6.66225  0.0127587
6.6655  0.0127484
6.66875  0.012738
6.672  0.0127277
6.67525  0.0127173
6.6785  0.012707
6.68175  0.0126967
6.685  0.0126864
6.68825  0.0126761
6.6915  0.0126658
6.69475  0.0126556
6.698  0.0126453
6.70125  0.0126351
6.7045  0.0126249
6.70775  0.0126146
6.711  0.0126044
6.71425  0.0125942
6.7175  0.0125841
6.72075  0.0125739
6.724  0.0125637
6.72725  0.0125536
6.7305  0.0125435
6.73375  0.0125333
6.737  0.0125232
6.74025  0.0125131
6.7435  0.012503
6.74675  0.0124929
6.75  0.0124829
6.75325  0.0124728
6.7565  0.0124628
6.75975  0.0124527
6.763  0.0124427
6.76625  0.0124327
6.7695  0.0124227
6.77275  0.0124127
6.776  0.0124027
6.77925  0.0123928
6.7825  0.0123828
6.78575  0.0123729
6.789  0.0123629
6.79225  0.012353
6.7955  0.0123431
6.79875  0.0123332
6.802  0.0123233
6.80525  0.0123134
6.8085  0.0123036
6.81175  0.0122937
6.815  0.0122839
6.81825  0.012274
6.8215  0.0122642
6.82475  0.0122544
6.828  0.0122446
6.83125  0.0122348
6.8345  0.012225
6.83775  0.0122153
6.841  0.0122055
6.84425  0.0121958
6.8475  0.012186
6.85075  0.0121763
6.854  0.0121666
6.85725  0.0121569
6.8605  0.0121472
6.86375  0.0121375
6.867  0.0121279
6.87025  0.0121182
6.8735  0.0121085
6.87675  0.0120989
6.88  0.0120893
6.88325  0.0120797
6.8865  0.0120701
6.88975  0.0120605
6.893  0.0120509
6.89625  0.0120413
6.8995  0.0120318
6.90275  0.0120222
6.906  0.0120127
6.90925  0.0120031
6.9125  0.0119936
6.91575  0.0119841
6.919  0.0119746
6.92225  0.0119651
6.9255  0.0119556
6.92875  0.0119462
6.932  0.0119367
6.93525  0.0119273
6.9385  0.0119178
6.94175  0.0119084
6.945  0.011899
6.94825  0.0118896
6.9515  0.0118802
6.95475  0.0118708
6.958  0.0118614
6.96125  0.0118521
6.9645  0.0118427
6.96775  0.0118334
6.971  0.0118241
6.97425  0.0118147
6.9775  0.0118054
6.98075  0.0117961
6.984  0.0117868
6.98725  0.0117776
6.9905  0.0117683
6.99375  0.011759
6.997  0.0117498
7.00025  0.0117405
7.0035  0.0117313
7.00675  0.0117221
7.01  0.0117129
7.01325  0.0117037
7.0165  0.0116945
7.01975  0.0116853
7.023  0.0116762
7.02625  0.011667
7.0295  0.0116579
7.03275  0.0116487
7.036  0.0116396
7.03925  0.0116305
7.0425  0.0116214
7.04575  0.0116123
7.049  0.0116032
7.05225  0.0115941
7.0555  0.011585
7.05875  0.011576
7.062  0.0115669
7.06525  0.0115579
7.0685  0.0115489
7.07175  0.0115399
7.075  0.0115309
7.07825  0.0115219
7.0815  0.0115129
7.08475  0.0115039
7.088  0.0114949
7.09125  0.011486
7.0945  0.011477
7.09775  0.0114681
7.101  0.0114592
7.10425  0.0114502
7.1075  0.0114413
7.11075  0.0114324
7.114  0.0114235
7.11725  0.0114147
7.1205  0.0114058
7.12375  0.0113969
7.127  0.0113881
7.13025  0.0113793
7.1335  0.0113704
7.13675  0.0113616
7.14  0.0113528
7.14325  0.011344
7.1465  0.0113352
7.14975  0.0113264
7.153  0.0113176
7.15625  0.0113089
7.1595  0.0113001
7.16275  0.0112914
7.166  0.0112827
7.16925  0.0112739
7.1725  0.0112652
7.17575  0.0112565
7.179  0.0112478
7.18225  0.0112391
7.1855  0.0112304
7.18875  0.0112218
7.192  0.0112131
7.19525  0.0112045
7.1985  0.0111958
7.20175  0.0111872
7.205  0.0111786
7.20825  0.01117
7.2115  0.0111614
7.21475  0.0111528
7.218  0.0111442
7.22125  0.0111356
7.2245  0.0111271
7.22775  0.0111185
7.231  0.01111
7.23425  0.0111014
7.2375  0.0110929
7.24075  0.0110844
7.244  0.0110759
7.24725  0.0110674
7.2505  0.0110589
7.25375  0.0110504
7.257  0.0110419
7.26025  0.0110335
7.2635  0.011025
7.26675  0.0110166
7.27  0.0110081
7.27325  0.0109997
7.2765  0.0109913
7.27975  0.0109829
7.283  0.0109745
7.28625  0.0109661
7.2895  0.0109577
7.29275  0.0109493
7.296  0.010941
7.29925  0.0109326
7.3025  0.0109243
7.30575  0.010916
7.309  0.0109076
7.31225  0.0108993
7.3155  0.010891
7.31875  0.0108827
7.322  0.0108744
7.32525  0.0108661
7.3285  0.0108579
7.33175  0.0108496
7.335  0.0108413
7.33825  0.0108331
7.3415  0.0108249
7.34475  0.0108166
7.348  0.0108084
7.35125  0.0108002
7.3545  0.010792
7.35775  0.0107838
7.361  0.0107756
7.36425  0.0107675
7.3675  0.0107593
7.37075  0.0107511
7.374  0.010743
7.37725  0.0107349
7.3805  0.0107267
7.38375  0.0107186
7.387  0.0107105
7.39025  0.0107024
7.3935  0.0106943
7.39675  0.0106862
7.4  0.0106781
7.40325  0.0106701
7.4065  0.010662
7.40975  0.0106539
7.413  0.0106459
7.41625  0.0106379
7.4195  0.0106298
7.42275  0.0106218
7.426  0.0106138
7.42925  0.0106058
7.4325  0.0105978
7.43575  0.0105898
7.439  0.0105819
7.44225  0.0105739
7.4455  0.0105659
7.44875  0.010558
7.452  0.0105501
7.45525  0.0105421
7.4585  0.0105342
7.46175  0.0105263
7.465  0.0105184
7.46825  0.0105105
7.4715  0.0105026
7.47475  0.0104947
7.478  0.0104868
7.48125  0.010479
7.4845  0.0104711
7.48775  0.0104633
7.491  0.0104554
7.49425  0.0104476
7.4975  0.0104398
7.50075  0.010432
7.504  0.0104242
7.50725  0.0104164
7.5105  0.0104086
7.51375  0.0104008
7.517  0.010393
7.52025  0.0103852
7.5235  0.0103775
7.52675  0.0103697
7.53  0.010362
7.53325  0.0103543
7.5365  0.0103465
7.53975  0.0103388
7.543  0.0103311
7.54625  0.0103234
7.5495  0.0103157
7.55275  0.0103081
7.556  0.0103004
7.55925  0.0102927
7.5625  0.0102851
7.56575  0.0102774
7.569  0.0102698
7.57225  0.0102621
7.5755  0.0102545
7.57875  0.0102469
7.582  0.0102393
7.58525  0.0102317
7.5885  0.0102241
7.59175  0.0102165
7.595  0.0102089
7.59825  0.0102014
7.6015  0.0101938
7.60475  0.0101862
7.608  0.0101787
7.61125  0.0101712
7.6145  0.0101636
7.61775  0.0101561
7.621  0.0101486
7.62425  0.0101411
7.6275  0.0101336
7.63075  0.0101261
7.634  0.0101186
7.63725  0.0101111
7.6405  0.0101037
7.64375  0.0100962
7.647  0.0100888
7.65025  0.0100813
7.6535  0.0100739
7.65675  0.0100665
7.66  0.0100591
7.66325  0.0100516
7.6665  0.0100442
7.66975  0.0100368
7.673  0.0100295
7.67625  0.0100221
7.6795  0.0100147
7.68275  0.0100073
7.686  0.00999998
7.68925  0.00999264
7.6925  0.00998529
7.69575  0.00997796
7.699  0.00997064
7.70225  0.00996332
7.7055  0.00995601
7.70875  0.0099487
7.712  0.00994141
7.71525  0.00993412
7.7185  0.00992684
7.72175  0.00991957
7.725  0.00991231
7.72825  0.00990505
7.7315  0.0098978
7.73475  0.00989056
7.738  0.00988332
7.74125  0.0098761
7.7445  0.00986888
7.74775  0.00986167
7.751  0.00985446
7.75425  0.00984727
7.7575  0.00984008
7.76075  0.0098329
7.764  0.00982572
7.76725  0.00981856
7.7705  0.0098114
7.77375  0.00980425
7.777  0.0097971
7.78025  0.00978997
7.7835  0.00978284
7.78675  0.00977572
7.79  0.0097686
7.79325  0.00976149
7.7965  0.0097544
7.79975  0.0097473
7.803  0.00974022
7.80625  0.00973314
7.8095  0.00972607
7.81275  0.00971901
7.816  0.00971195
7.81925  0.00970491
7.8225  0.00969787
7.82575  0.00969083
7.829  0.00968381
7.83225  0.00967679
7.8355  0.00966978
7.83875  0.00966277
7.842  0.00965578
7.84525  0.00964879
7.8485  0.0096418
7.85175  0.00963483
7.855  0.00962786
7.85825  0.0096209
7.8615  0.00961395
7.86475  0.009607
7.868  0.00960006
7.87125  0.00959313
7.8745  0.00958621
7.87775  0.00957929
7.881  0.00957238
7.88425  0.00956548
7.8875  0.00955858
7.89075  0.00955169
7.894  0.00954481
7.89725  0.00953793
7.9005  0.00953107
7.90375  0.00952421
7.907  0.00951735
7.91025  0.00951051
7.9135  0.00950367
7.91675  0.00949684
7.92  0.00949001
7.92325  0.00948319
7.9265  0.00947638
7.92975  0.00946958
7.933  0.00946278
7.93625  0.00945599
7.9395  0.00944921
7.94275  0.00944243
7.946  0.00943566
7.94925  0.0094289
7.9525  0.00942215
7.95575  0.0094154
7.959  0.00940866
7.96225  0.00940192
7.9655  0.00939519
7.96875  0.00938847
7.972  0.00938176
7.97525  0.00937505
7.9785  0.00936835
7.98175  0.00936166
7.985  0.00935497
7.98825  0.0093483
7.9915  0.00934162
7.99475  0.00933496
7.998  0.0093283
8.00125  0.00932165
8.0045  0.009315
8.00775  0.00930836
8.011  0.00930173
8.01425  0.00929511
8.0175  0.00928849
8.02075  0.00928188
8.024  0.00927527
8.02725  0.00926868
8.0305  0.00926209
8.03375  0.0092555
8.037  0.00924892
8.04025  0.00924235
8.0435  0.00923579
8.04675  0.00922923
8.05  0.00922268
8.05325  0.00921614
8.0565  0.0092096
8.05975  0.00920307
8.063  0.00919655
8.06625  0.00919003
8.0695  0.00918352
8.07275  0.00917701
8.076  0.00917052
8.07925  0.00916403
8.0825  0.00915754
8.08575  0.00915106
8.089  0.00914459
8.09225  0.00913813
8.0955  0.00913167
8.09875  0.00912522
8.102  0.00911878
8.10525  0.00911234
8.1085  0.00910591
8.11175  0.00909948
8.115  0.00909306
8.11825  0.00908665
8.1215  0.00908024
8.12475  0.00907385
8.128  0.00906745
8.13125  0.00906107
8.1345  0.00905469
8.13775  0.00904831
8.141  0.00904195
8.14425  0.00903559
8.1475  0.00902923
8.15075  0.00902289
8.154  0.00901655
8.15725  0.00901021
8.1605  0.00900388
8.16375  0.00899756
8.167  0.00899125
8.17025  0.00898494
8.1735  0.00897863
8.17675  0.00897234
8.18  0.00896605
8.18325  0.00895977
8.1865  0.00895349
8.18975  0.00894722
8.193  0.00894095
8.19625  0.00893469
8.1995  0.00892844
8.20275  0.0089222
8.206  0.00891596
8.20925  0.00890972
8.2125  0.0089035
8.21575  0.00889728
8.219  0.00889106
8.22225  0.00888486
8.2255  0.00887865
8.22875  0.00887246
8.232  0.00886627
8.23525  0.00886009
8.2385  0.00885391
8.24175  0.00884774
8.245  0.00884157
8.24825  0.00883542
8.2515  0.00882926
8.25475  0.00882312
8.258  0.00881698
8.26125  0.00881085
8.2645  0.00880472
8.26775  0.0087986
8.271  0.00879248
8.27425  0.00878637
8.2775  0.00878027
8.28075  0.00877417
8.284  0.00876808
8.28725  0.008762
8.2905  0.00875592
8.29375  0.00874985
8.297  0.00874378
8.30025  0.00873772
8.3035  0.00873167
8.30675  0.00872562
8.31  0.00871958
8.31325  0.00871354
8.3165  0.00870751
8.31975  0.00870149
8.323  0.00869547
8.32625  0.00868946
8.3295  0.00868345
8.33275  0.00867745
8.336  0.00867146
8.33925  0.00866547
8.3425  0.00865949
8.34575  0.00865351
8.349  0.00864754
8.35225  0.00864158
8.3555  0.00863562
8.35875  0.00862967
8.362  0.00862372
8.36525  0.00861778
8.3685  0.00861185
8.37175  0.00860592
8.375  0.00859999
8.37825  0.00859408
8.3815  0.00858817
8.38475  0.00858226
8.388  0.00857636
8.39125  0.00857047
8.3945  0.00856458
8.39775  0.0085587
8.401  0.00855282
8.40425  0.00854695
8.4075  0.00854109
8.41075  0.00853523
8.414  0.00852938
8.41725  0.00852353
8.4205  0.00851769
8.42375  0.00851185
8.427  0.00850603
8.43025  0.0085002
8.4335  0.00849438
8.43675  0.00848857
8.44  0.00848276
8.44325  0.00847696
8.4465  0.00847117
8.44975  0.00846538
8.453  0.0084596
8.45625  0.00845382
8.4595  0.00844805
8.46275  0.00844228
8.466  0.00843652
8.46925  0.00843076
8.4725  0.00842501
8.47575  0.00841927
8.479  0.00841353
8.48225  0.0084078
8.4855  0.00840207
8.48875  0.00839635
8.492  0.00839064
8.49525  0.00838493
8.4985  0.00837922
8.50175  0.00837352
8.505  0.00836783
8.50825  0.00836214
8.5115  0.00835646
8.51475  0.00835079
8.518  0.00834511
8.52125  0.00833945
8.5245  0.00833379
8.52775  0.00832814
8.531  0.00832249
8.53425  0.00831684
8.5375  0.00831121
8.54075  0.00830558
8.544  0.00829995
8.54725  0.00829433
8.5505  0.00828871
8.55375  0.0082831
8.557  0.0082775
8.56025  0.0082719
8.5635  0.00826631
8.56675  0.00826072
8.57  0.00825514
8.57325  0.00824956
8.5765  0.00824399
8.57975  0.00823842
8.583  0.00823286
8.58625  0.00822731
8.5895  0.00822176
8.59275  0.00821621
8.596  0.00821067
8.59925  0.00820514
8.6025  0.00819961
8.60575  0.00819409
8.609  0.00818857
8.61225  0.00818306
8.6155  0.00817755
8.61875  0.00817205
8.622  0.00816656
8.62525  0.00816106
8.6285  0.00815558
8.63175  0.0081501
8.635  0.00814463
8.63825  0.00813916
8.6415  0.00813369
8.64475  0.00812823
8.648  0.00812278
8.65125  0.00811733
8.6545  0.00811189
8.65775  0.00810645
8.661  0.00810102
8.66425  0.00809559
8.6675  0.00809017
8.67075  0.00808476
8.674  0.00807934
8.67725  0.00807394
8.6805  0.00806854
8.68375  0.00806314
8.687  0.00805775
8.69025  0.00805237
8.6935  0.00804699
8.69675  0.00804161
8.7  0.00803624
8.70325  0.00803088
8.7065  0.00802552
8.70975  0.00802017
8.713  0.00801482
8.71625  0.00800948
8.7195  0.00800414
8.72275  0.0079988
8.726  0.00799348
8.72925  0.00798815
8.7325  0.00798284
8.73575  0.00797752
8.739  0.00797222
8.74225  0.00796691
8.7455  0.00796162
8.74875  0.00795633
8.752  0.00795104
8.75525  0.00794576
8.7585  0.00794048
8.76175  0.00793521
8.765  0.00792994
8.76825  0.00792468
8.7715  0.00791942
8.77475  0.00791417
8.778  0.00790893
8.78125  0.00790368
8.7845  0.00789845
8.78775  0.00789322
8.791  0.00788799
8.79425  0.00788277
8.7975  0.00787755
8.80075  0.00787234
8.804  0.00786714
8.80725  0.00786194
8.8105  0.00785674
8.81375  0.00785155
8.817  0.00784636
8.82025  0.00784118
8.8235  0.007836
8.82675  0.00783083
8.83  0.00782567
8.83325  0.0078205
8.8365  0.00781535
8.83975  0.0078102
8.843  0.00780505
8.84625  0.00779991
8.8495  0.00779477
8.85275  0.00778964
8.856  0.00778451
8.85925  0.00777939
8.8625  0.00777427
8.86575  0.00776916
8.869  0.00776405
8.87225  0.00775895
8.8755  0.00775385
8.87875  0.00774876
8.882  0.00774367
8.88525  0.00773859
8.8885  0.00773351
8.89175  0.00772844
8.895  0.00772337
8.89825  0.00771831
8.9015  0.00771325
8.90475  0.00770819
8.908  0.00770314
8.91125  0.0076981
8.9145  0.00769306
8.91775  0.00768802
8.921  0.00768299
8.92425  0.00767797
8.9275  0.00767295
8.93075  0.00766793
8.934  0.00766292
8.93725  0.00765791
8.9405  0.00765291
8.94375  0.00764792
8.947  0.00764292
8.95025  0.00763794
8.9535  0.00763295
8.95675  0.00762798
8.96  0.007623
8.96325  0.00761803
8.9665  0.00761307
8.96975  0.00760811
8.973  0.00760316
8.97625  0.00759821
8.9795  0.00759326
8.98275  0.00758832
8.986  0.00758339
8.98925  0.00757846
8.9925  0.00757353
8.99575  0.00756861
8.999  0.00756369
9.00225  0.00755878
9.0055  0.00755387
9.00875  0.00754897
9.012  0.00754407
9.01525  0.00753917
9.0185  0.00753429
9.02175  0.0075294
9.025  0.00752452
9.02825  0.00751965
9.0315  0.00751477
9.03475  0.00750991
9.038  0.00750505
9.04125  0.00750019
9.0445  0.00749534
9.04775  0.00749049
9.051  0.00748565
9.05425  0.00748081
9.0575  0.00747597
9.06075  0.00747114
9.064  0.00746632
9.06725  0.0074615
9.0705  0.00745668
9.07375  0.00745187
9.077  0.00744706
9.08025  0.00744226
9.0835  0.00743746
9.08675  0.00743267
9.09  0.00742788
9.09325  0.00742309
9.0965  0.00741831
9.09975  0.00741354
9.103  0.00740877
9.10625  0.007404
9.1095  0.00739924
9.11275  0.00739448
9.116  0.00738973
9.11925  0.00738498
9.1225  0.00738023
9.12575  0.00737549
9.129  0.00737076
9.13225  0.00736603
9.1355  0.0073613
9.13875  0.00735658
9.142  0.00735186
9.14525  0.00734715
9.1485  0.00734244
9.15175  0.00733773
9.155  0.00733303
9.15825  0.00732833
9.1615  0.00732364
9.16475  0.00731896
9.168  0.00731427
9.17125  0.00730959
9.1745  0.00730492
9.17775  0.00730025
9.181  0.00729558
9.18425  0.00729092
9.1875  0.00728627
9.19075  0.00728161
9.194  0.00727697
9.19725  0.00727232
9.2005  0.00726768
9.20375  0.00726305
9.207  0.00725842
9.21025  0.00725379
9.2135  0.00724917
9.21675  0.00724455
9.22  0.00723994
9.22325  0.00723533
9.2265  0.00723072
9.22975  0.00722612
9.233  0.00722152
9.23625  0.00721693
9.2395  0.00721234
9.24275  0.00720776
9.246  0.00720318
9.24925  0.0071986
9.2525  0.00719403
9.25575  0.00718947
9.259  0.0071849
9.26225  0.00718035
9.2655  0.00717579
9.26875  0.00717124
9.272  0.00716669
9.27525  0.00716215
9.2785  0.00715762
9.28175  0.00715308
9.285  0.00714855
9.28825  0.00714403
9.2915  0.00713951
9.29475  0.00713499
9.298  0.00713048
9.30125  0.00712597
9.3045  0.00712147
9.30775  0.00711697
9.311  0.00711247
9.31425  0.00710798
9.3175  0.00710349
9.32075  0.00709901
9.324  0.00709453
9.32725  0.00709005
9.3305  0.00708558
9.33375  0.00708111
9.337  0.00707665
9.34025  0.00707219
9.3435  0.00706774
9.34675  0.00706329
9.35  0.00705884
9.35325  0.0070544
9.3565  0.00704996
9.35975  0.00704553
9.363  0.0070411
9.36625  0.00703667
9.3695  0.00703225
9.37275  0.00702783
9.376  0.00702342
9.37925  0.00701901
9.3825  0.0070146
9.38575  0.0070102
9.389  0.0070058
9.39225  0.00700141
9.3955  0.00699702
9.39875  0.00699263
9.402  0.00698825
9.40525  0.00698387
9.4085  0.0069795
9.41175  0.00697513
9.415  0.00697076
9.41825  0.0069664
9.4215  0.00696204
9.42475  0.00695769
9.428  0.00695334
9.43125  0.00694899
9.4345  0.00694465
9.43775  0.00694031
9.441  0.00693598
9.44425  0.00693165
9.4475  0.00692732
9.45075  0.006923
9.454  0.00691868
9.45725  0.00691437
9.4605  0.00691006
9.46375  0.00690575
9.467  0.00690145
9.47025  0.00689715
9.4735  0.00689285
9.47675  0.00688856
9.48  0.00688428
9.48325  0.00687999
9.4865  0.00687571
9.48975  0.00687144
9.493  0.00686717
9.49625  0.0068629
9.4995  0.00685864
9.50275  0.00685438
9.506  0.00685012
9.50925  0.00684587
9.5125  0.00684162
9.51575  0.00683738
9.519  0.00683314
9.52225  0.0068289
9.5255  0.00682467
9.52875  0.00682044
9.532  0.00681621
9.53525  0.00681199
9.5385  0.00680777
9.54175  0.00680356
9.545  0.00679935
9.54825  0.00679514
9.5515  0.00679094
9.55475  0.00678674
9.558  0.00678255
9.56125  0.00677836
9.5645  0.00677417
9.56775  0.00676998
9.571  0.00676581
9.57425  0.00676163
9.5775  0.00675746
9.58075  0.00675329
9.584  0.00674912
9.58725  0.00674496
9.5905  0.00674081
9.59375  0.00673665
9.597  0.0067325
9.60025  0.00672836
9.6035  0.00672421
9.60675  0.00672008
9.61  0.00671594
9.61325  0.00671181
9.6165  0.00670768
9.61975  0.00670356
9.623  0.00669944
9.62625  0.00669532
9.6295  0.00669121
9.63275  0.0066871
9.636  0.006683
9.63925  0.0066789
9.6425  0.0066748
9.64575  0.0066707
9.649  0.00666661
9.65225  0.00666253
9.6555  0.00665844
9.65875  0.00665436
9.662  0.00665029
9.66525  0.00664622
9.6685  0.00664215
9.67175  0.00663808
9.675  0.00663402
9.67825  0.00662996
9.6815  0.00662591
9.68475  0.00662186
9.688  0.00661781
9.69125  0.00661377
9.6945  0.00660973
9.69775  0.00660569
9.701  0.00660166
9.70425  0.00659763
9.7075  0.00659361
9.71075  0.00658959
9.714  0.00658557
9.71725  0.00658155
9.7205  0.00657754
9.72375  0.00657354
9.727  0.00656953
9.73025  0.00656553
9.7335  0.00656153
9.73675  0.00655754
9.74  0.00655355
9.74325  0.00654957
9.7465  0.00654558
9.74975  0.00654161
9.753  0.00653763
9.75625  0.00653366
9.7595  0.00652969
9.76275  0.00652573
9.766  0.00652176
9.76925  0.00651781
9.7725  0.00651385
9.77575  0.0065099
9.779  0.00650595
9.78225  0.00650201
9.7855  0.00649807
9.78875  0.00649413
9.792  0.0064902
9.79525  0.00648627
9.7985  0.00648235
9.80175  0.00647842
9.805  0.0064745
9.80825  0.00647059
9.8115  0.00646668
9.81475  0.00646277
9.818  0.00645886
9.82125  0.00645496
9.8245  0.00645106
9.82775  0.00644717
9.831  0.00644327
9.83425  0.00643939
9.8375  0.0064355
9.84075  0.00643162
9.844  0.00642774
9.84725  0.00642387
9.8505  0.00642
9.85375  0.00641613
9.857  0.00641226
9.86025  0.0064084
9.8635  0.00640455
9.86675  0.00640069
9.87  0.00639684
9.87325  0.00639299
9.8765  0.00638915
9.87975  0.00638531
9.883  0.00638147
9.88625  0.00637764
9.8895  0.00637381
9.89275  0.00636998
9.896  0.00636616
9.89925  0.00636234
9.9025  0.00635852
9.90575  0.00635471
9.909  0.0063509
9.91225  0.00634709
9.9155  0.00634329
9.91875  0.00633949
9.922  0.00633569
9.92525  0.0063319
9.9285  0.00632811
9.93175  0.00632432
9.935  0.00632053
9.93825  0.00631675
9.9415  0.00631298
9.94475  0.0063092
9.948  0.00630543
9.95125  0.00630167
9.9545  0.0062979
9.95775  0.00629414
9.961  0.00629038
9.96425  0.00628663
9.9675  0.00628288
9.97075  0.00627913
9.974  0.00627539
9.97725  0.00627165
9.9805  0.00626791
9.98375  0.00626418
9.987  0.00626045
9.99025  0.00625672
9.9935  0.00625299
9.99675  0.00624927
