0.25  0.904882
0.25325  0.939028
0.2565  0.899122
0.25975  0.796358
0.263  0.649873
0.26625  0.482754
0.2695  0.318271
0.27275  0.176797
0.276  0.0736983
0.27925  0.0182446
0.2825  0.0134467
0.28575  0.0566435
0.289  0.1406
0.29225  0.254888
0.2955  0.38734
0.29875  0.525413
0.302  0.657349
0.30525  0.773059
0.3085  0.864722
0.31175  0.927081
0.315  0.957499
0.31825  0.9558
0.3215  0.923958
0.32475  0.865683
0.328  0.785963
0.33125  0.690585
0.3345  0.5857
0.33775  0.477412
0.341  0.371458
0.34425  0.27294
0.3475  0.186144
0.35075  0.114425
0.354  0.0601587
0.35725  0.0247496
0.3605  0.00868203
0.36375  0.011608
0.367  0.0324582
0.37025  0.0695687
0.3735  0.120814
0.37675  0.183739
0.38  0.255686
0.38325  0.333914
0.3865  0.415698
0.38975  0.498418
0.393  0.579634
0.39625  0.657144
0.3995  0.729018
0.40275  0.793634
0.406  0.849685
0.40925  0.896185
0.4125  0.932463
0.41575  0.958144
0.419  0.973132
0.42225  0.977581
0.4255  0.971869
0.42875  0.956564
0.432  0.932393
0.43525  0.900211
0.4385  0.86097
0.44175  0.815691
0.445  0.765434
0.44825  0.711275
0.4515  0.654285
0.45475  0.59551
0.458  0.535951
0.46125  0.476559
0.4645  0.418212
0.46775  0.361718
0.471  0.307801
0.47425  0.2571
0.4775  0.210166
0.48075  0.167462
0.484  0.129365
0.48725  0.0961659
0.4905  0.0680749
0.49375  0.045225
0.497  0.0276772
0.50025  0.0154255
0.5035  0.00840325
0.50675  0.00648887
0.51  0.00951203
0.51325  0.0172598
0.5165  0.0294826
0.51975  0.0459002
0.523  0.0662075
0.52625  0.0900793
0.5295  0.117176
0.53275  0.147148
0.536  0.17964
0.53925  0.214296
0.5425  0.25076
0.54575  0.288682
0.549  0.327722
0.55225  0.367546
0.5555  0.407837
0.55875  0.448291
0.562  0.488617
0.56525  0.528546
0.5685  0.567824
0.57175  0.606215
0.575  0.643503
0.57825  0.679493
0.5815  0.714006
0.58475  0.746885
0.588  0.777991
0.59125  0.807202
0.5945  0.834417
0.59775  0.859551
0.601  0.882534
0.60425  0.903315
0.6075  0.921855
0.61075  0.938133
0.614  0.952139
0.61725  0.963875
0.6205  0.973357
0.62375  0.98061
0.627  0.98567
0.63025  0.98858
0.6335  0.989394
0.63675  0.988172
0.64  0.98498
0.64325  0.97989
0.6465  0.972979
0.64975  0.964328
0.653  0.954023
0.65625  0.942151
0.6595  0.928803
0.66275  0.914069
0.666  0.898043
0.66925  0.880819
0.6725  0.86249
0.67575  0.843151
0.679  0.822894
0.68225  0.80181
0.6855  0.779992
0.68875  0.757529
0.692  0.734506
0.69525  0.711011
0.6985  0.687126
0.70175  0.662931
0.705  0.638505
0.70825  0.613923
0.7115  0.589256
0.71475  0.564575
0.718  0.539946
0.72125  0.515432
0.7245  0.491093
0.72775  0.466987
0.731  0.443167
0.73425  0.419684
0.7375  0.396586
0.74075  0.373917
0.744  0.35172
0.74725  0.330032
0.7505  0.30889
0.75375  0.288326
0.757  0.26837
0.76025  0.249049
0.7635  0.230388
0.76675  0.21241
0.77  0.195132
0.77325  0.178574
0.7765  0.162748
0.77975  0.147668
0.783  0.133345
0.78625  0.119786
0.7895  0.106997
0.79275  0.0949842
0.796  0.083749
0.79925  0.0732927
0.8025  0.0636148
0.80575  0.054713
0.809  0.0465838
0.81225  0.0392223
0.8155  0.0326223
0.81875  0.0267764
0.822  0.0216761
0.82525  0.017312
0.8285  0.0136736
0.83175  0.0107495
0.835  0.0085276
0.83825  0.00699495
0.8415  0.00613797
0.84475  0.00594245
0.848  0.00639362
0.85125  0.00747622
0.8545  0.00917453
0.85775  0.0114724
0.861  0.0143535
0.86425  0.0178009
0.8675  0.0217977
0.87075  0.0263267
0.874  0.0313706
0.87725  0.0369117
0.8805  0.0429327
0.88375  0.0494157
0.887  0.0563432
0.89025  0.0636976
0.8935  0.0714612
0.89675  0.0796165
0.9  0.0881461
0.90325  0.0970326
0.9065  0.106259
0.90975  0.115808
0.913  0.125663
0.91625  0.135808
0.9195  0.146225
0.92275  0.156899
0.926  0.167814
0.92925  0.178954
0.9325  0.190303
0.93575  0.201847
0.939  0.213571
0.94225  0.22546
0.9455  0.2375
0.94875  0.249677
0.952  0.261977
0.95525  0.274387
0.9585  0.286894
0.96175  0.299486
0.965  0.312149
0.96825  0.324872
0.9715  0.337644
0.97475  0.350453
0.978  0.363287
0.98125  0.376137
0.9845  0.388992
0.98775  0.401841
0.991  0.414676
0.99425  0.427486
0.9975  0.440263
1.00075  0.452998
1.004  0.465682
1.00725  0.478308
1.0105  0.490867
1.01375  0.503352
1.017  0.515756
1.02025  0.528072
1.0235  0.540293
1.02675  0.552413
1.03  0.564425
1.03325  0.576325
1.0365  0.588105
1.03975  0.599762
1.043  0.61129
1.04625  0.622685
1.0495  0.633941
1.05275  0.645055
1.056  0.656022
1.05925  0.666839
1.0625  0.677502
1.06575  0.688008
1.069  0.698353
1.07225  0.708535
1.0755  0.718551
1.07875  0.728398
1.082  0.738074
1.08525  0.747577
1.0885  0.756905
1.09175  0.766056
1.095  0.775028
1.09825  0.78382
1.1015  0.792431
1.10475  0.800859
1.108  0.809103
1.11125  0.817163
1.1145  0.825038
1.11775  0.832727
1.121  0.84023
1.12425  0.847546
1.1275  0.854676
1.13075  0.861619
1.134  0.868374
1.13725  0.874944
1.1405  0.881326
1.14375  0.887523
1.147  0.893534
1.15025  0.89936
1.1535  0.905001
1.15675  0.910458
1.16  0.915732
1.16325  0.920825
1.1665  0.925736
1.16975  0.930466
1.173  0.935018
1.17625  0.939391
1.1795  0.943588
1.18275  0.947609
1.186  0.951456
1.18925  0.95513
1.1925  0.958633
1.19575  0.961966
1.199  0.96513
1.20225  0.968127
1.2055  0.970959
1.20875  0.973628
1.212  0.976134
1.21525  0.978481
1.2185  0.980668
1.22175  0.982699
1.225  0.984575
1.22825  0.986298
1.2315  0.98787
1.23475  0.989292
1.238  0.990566
1.24125  0.991695
1.2445  0.99268
1.24775  0.993523
1.251  0.994226
1.25425  0.994791
1.2575  0.99522
1.26075  0.995515
1.264  0.995678
1.26725  0.995711
1.2705  0.995616
1.27375  0.995394
1.277  0.995049
1.28025  0.994581
1.2835  0.993993
1.28675  0.993286
1.29  0.992464
1.29325  0.991527
1.2965  0.990478
1.29975  0.989318
1.303  0.98805
1.30625  0.986676
1.3095  0.985197
1.31275  0.983616
1.316  0.981934
1.31925  0.980153
1.3225  0.978275
1.32575  0.976303
1.329  0.974237
1.33225  0.97208
1.3355  0.969834
1.33875  0.967501
1.342  0.965082
1.34525  0.962579
1.3485  0.959994
1.35175  0.957329
1.355  0.954585
1.35825  0.951765
1.3615  0.94887
1.36475  0.945901
1.368  0.942861
1.37125  0.939751
1.3745  0.936574
1.37775  0.933329
1.381  0.93002
1.38425  0.926648
1.3875  0.923214
1.39075  0.91972
1.394  0.916167
1.39725  0.912558
1.4005  0.908893
1.40375  0.905175
1.407  0.901404
1.41025  0.897582
1.4135  0.893711
1.41675  0.889793
1.42  0.885827
1.42325  0.881817
1.4265  0.877763
1.42975  0.873666
1.433  0.869529
1.43625  0.865352
1.4395  0.861136
1.44275  0.856884
1.446  0.852596
1.44925  0.848273
1.4525  0.843917
1.45575  0.839529
1.459  0.835111
1.46225  0.830662
1.4655  0.826186
1.46875  0.821682
1.472  0.817152
1.47525  0.812596
1.4785  0.808017
1.48175  0.803416
1.485  0.798792
1.48825  0.794148
1.4915  0.789484
1.49475  0.784801
1.498  0.780101
1.50125  0.775384
1.5045  0.770651
1.50775  0.765904
1.511  0.761143
1.51425  0.756369
1.5175  0.751582
1.52075  0.746785
1.524  0.741978
1.52725  0.737161
1.5305  0.732335
1.53375  0.727502
1.537  0.722662
1.54025  0.717816
1.5435  0.712965
1.54675  0.708109
1.55  0.703249
1.55325  0.698386
1.5565  0.693521
1.55975  0.688654
1.563  0.683786
1.56625  0.678918
1.5695  0.67405
1.57275  0.669184
1.576  0.664319
1.57925  0.659456
1.5825  0.654596
1.58575  0.64974
1.589  0.644888
1.59225  0.640041
1.5955  0.635199
1.59875  0.630363
1.602  0.625533
1.60525  0.62071
1.6085  0.615895
1.61175  0.611087
1.615  0.606289
1.61825  0.601498
1.6215  0.596718
1.62475  0.591947
1.628  0.587187
1.63125  0.582437
1.6345  0.577698
1.63775  0.572971
1.641  0.568257
1.64425  0.563554
1.6475  0.558865
1.65075  0.554188
1.654  0.549525
1.65725  0.544876
1.6605  0.540242
1.66375  0.535622
1.667  0.531017
1.67025  0.526428
1.6735  0.521854
1.67675  0.517296
1.68  0.512754
1.68325  0.508229
1.6865  0.50372
1.68975  0.499229
1.693  0.494755
1.69625  0.490299
1.6995  0.48586
1.70275  0.48144
1.706  0.477038
1.70925  0.472655
1.7125  0.468291
1.71575  0.463946
1.719  0.45962
1.72225  0.455313
1.7255  0.451026
1.72875  0.446759
1.732  0.442512
1.73525  0.438286
1.7385  0.43408
1.74175  0.429894
1.745  0.425729
1.74825  0.421585
1.7515  0.417462
1.75475  0.413361
1.758  0.40928
1.76125  0.405221
1.7645  0.401184
1.76775  0.397168
1.771  0.393175
1.77425  0.389203
1.7775  0.385253
1.78075  0.381325
1.784  0.37742
1.78725  0.373537
1.7905  0.369677
1.79375  0.365839
1.797  0.362023
1.80025  0.35823
1.8035  0.35446
1.80675  0.350713
1.81  0.346989
1.81325  0.343288
1.8165  0.339609
1.81975  0.335954
1.823  0.332322
1.82625  0.328713
1.8295  0.325127
1.83275  0.321564
1.836  0.318024
1.83925  0.314508
1.8425  0.311015
1.84575  0.307546
1.849  0.304099
1.85225  0.300676
1.8555  0.297277
1.85875  0.293901
1.862  0.290548
1.86525  0.287218
1.8685  0.283912
1.87175  0.28063
1.875  0.27737
1.87825  0.274134
1.8815  0.270922
1.88475  0.267733
1.888  0.264567
1.89125  0.261424
1.8945  0.258305
1.89775  0.255209
1.901  0.252136
1.90425  0.249087
1.9075  0.24606
1.91075  0.243057
1.914  0.240077
1.91725  0.23712
1.9205  0.234186
1.92375  0.231275
1.927  0.228388
1.93025  0.225523
1.9335  0.222681
1.93675  0.219861
1.94  0.217065
1.94325  0.214291
1.9465  0.21154
1.94975  0.208812
1.953  0.206107
1.95625  0.203423
1.9595  0.200763
1.96275  0.198124
1.966  0.195509
1.96925  0.192915
1.9725  0.190344
1.97575  0.187795
1.979  0.185268
1.98225  0.182763
1.9855  0.18028
1.98875  0.177818
1.992  0.175379
1.99525  0.172962
1.9985  0.170566
2.00175  0.168192
2.005  0.165839
2.00825  0.163508
2.0115  0.161198
2.01475  0.15891
2.018  0.156643
2.02125  0.154397
2.0245  0.152172
2.02775  0.149968
2.031  0.147785
2.03425  0.145623
2.0375  0.143482
2.04075  0.141361
2.044  0.139261
2.04725  0.137182
2.0505  0.135123
2.05375  0.133084
2.057  0.131066
2.06025  0.129067
2.0635  0.127089
2.06675  0.125131
2.07  0.123193
2.07325  0.121275
2.0765  0.119376
2.07975  0.117497
2.083  0.115638
2.08625  0.113798
2.0895  0.111977
2.09275  0.110176
2.096  0.108394
2.09925  0.106631
2.1025  0.104888
2.10575  0.103163
2.109  0.101457
2.11225  0.0997693
2.1155  0.0981007
2.11875  0.0964506
2.122  0.094819
2.12525  0.0932059
2.1285  0.091611
2.13175  0.0900343
2.135  0.0884757
2.13825  0.0869351
2.1415  0.0854125
2.14475  0.0839077
2.148  0.0824206
2.15125  0.0809512
2.1545  0.0794993
2.15775  0.0780649
2.161  0.0766479
2.16425  0.0752481
2.1675  0.0738655
2.17075  0.0725
2.174  0.0711515
2.17725  0.0698198
2.1805  0.068505
2.18375  0.0672069
2.187  0.0659254
2.19025  0.0646604
2.1935  0.0634119
2.19675  0.0621797
2.2  0.0609637
2.20325  0.0597639
2.2065  0.0585802
2.20975  0.0574124
2.213  0.0562605
2.21625  0.0551244
2.2195  0.054004
2.22275  0.0528991
2.226  0.0518098
2.22925  0.0507359
2.2325  0.0496773
2.23575  0.048634
2.239  0.0476058
2.24225  0.0465926
2.2455  0.0455944
2.24875  0.0446111
2.252  0.0436425
2.25525  0.0426887
2.2585  0.0417494
2.26175  0.0408246
2.265  0.0399143
2.26825  0.0390183
2.2715  0.0381365
2.27475  0.0372689
2.278  0.0364153
2.28125  0.0355758
2.2845  0.0347501
2.28775  0.0339382
2.291  0.03314
2.29425  0.0323555
2.2975  0.0315844
2.30075  0.0308269
2.304  0.0300827
2.30725  0.0293518
2.3105  0.028634
2.31375  0.0279294
2.317  0.0272378
2.32025  0.0265591
2.3235  0.0258933
2.32675  0.0252403
2.33  0.0245999
2.33325  0.0239722
2.3365  0.0233569
2.33975  0.0227541
2.343  0.0221637
2.34625  0.0215855
2.3495  0.0210195
2.35275  0.0204656
2.356  0.0199237
2.35925  0.0193938
2.3625  0.0188757
2.36575  0.0183694
2.369  0.0178748
2.37225  0.0173919
2.3755  0.0169204
2.37875  0.0164605
2.382  0.0160119
2.38525  0.0155746
2.3885  0.0151486
2.39175  0.0147337
2.395  0.0143298
2.39825  0.013937
2.4015  0.0135551
2.40475  0.013184
2.408  0.0128237
2.41125  0.0124741
2.4145  0.012135
2.41775  0.0118066
2.421  0.0114886
2.42425  0.011181
2.4275  0.0108837
2.43075  0.0105966
2.434  0.0103197
2.43725  0.0100529
2.4405  0.00979615
2.44375  0.00954933
2.447  0.0093124
2.45025  0.00908527
2.4535  0.00886787
2.45675  0.00866015
2.46  0.00846202
2.46325  0.00827341
2.4665  0.00809427
2.46975  0.00792451
2.473  0.00776406
2.47625  0.00761287
2.4795  0.00747086
2.48275  0.00733796
2.486  0.0072141
2.48925  0.00709922
2.4925  0.00699326
2.49575  0.00689614
2.499  0.0068078
2.50225  0.00672817
2.5055  0.00665719
2.50875  0.00659479
2.512  0.0065409
2.51525  0.00649548
2.5185  0.00645844
2.52175  0.00642972
2.525  0.00640927
2.52825  0.00639702
2.5315  0.0063929
2.53475  0.00639686
2.538  0.00640882
2.54125  0.00642874
2.5445  0.00645655
2.54775  0.00649219
2.551  0.0065356
2.55425  0.00658671
2.5575  0.00664547
2.56075  0.00671182
2.564  0.00678569
2.56725  0.00686704
2.5705  0.0069558
2.57375  0.00705191
2.577  0.00715532
2.58025  0.00726596
2.5835  0.00738379
2.58675  0.00750874
2.59  0.00764075
2.59325  0.00777978
2.5965  0.00792576
2.59975  0.00807864
2.603  0.00823837
2.60625  0.00840489
2.6095  0.00857814
2.61275  0.00875807
2.616  0.00894463
2.61925  0.00913776
2.6225  0.00933741
2.62575  0.00954353
2.629  0.00975607
2.63225  0.00997496
2.6355  0.0102002
2.63875  0.0104316
2.642  0.0106693
2.64525  0.0109131
2.6485  0.0111631
2.65175  0.0114191
2.655  0.0116811
2.65825  0.011949
2.6615  0.0122229
2.66475  0.0125026
2.668  0.0127881
2.67125  0.0130794
2.6745  0.0133764
2.67775  0.013679
2.681  0.0139873
2.68425  0.0143011
2.6875  0.0146205
2.69075  0.0149453
2.694  0.0152755
2.69725  0.0156112
2.7005  0.0159522
2.70375  0.0162984
2.707  0.0166499
2.71025  0.0170066
2.7135  0.0173685
2.71675  0.0177355
2.72  0.0181075
2.72325  0.0184845
2.7265  0.0188666
2.72975  0.0192536
2.733  0.0196454
2.73625  0.0200421
2.7395  0.0204437
2.74275  0.0208499
2.746  0.0212609
2.74925  0.0216766
2.7525  0.022097
2.75575  0.0225219
2.759  0.0229514
2.76225  0.0233854
2.7655  0.0238238
2.76875  0.0242668
2.772  0.0247141
2.77525  0.0251657
2.7785  0.0256217
2.78175  0.026082
2.785  0.0265465
2.78825  0.0270152
2.7915  0.0274881
2.79475  0.0279651
2.798  0.0284461
2.80125  0.0289313
2.8045  0.0294204
2.80775  0.0299135
2.811  0.0304106
2.81425  0.0309116
2.8175  0.0314164
2.82075  0.0319251
2.824  0.0324375
2.82725  0.0329537
2.8305  0.0334737
2.83375  0.0339973
2.837  0.0345246
2.84025  0.0350555
2.8435  0.0355899
2.84675  0.036128
2.85  0.0366695
2.85325  0.0372145
2.8565  0.037763
2.85975  0.0383149
2.863  0.0388702
2.86625  0.0394288
2.8695  0.0399908
2.87275  0.040556
2.876  0.0411245
2.87925  0.0416962
2.8825  0.0422711
2.88575  0.0428492
2.889  0.0434304
2.89225  0.0440147
2.8955  0.044602
2.89875  0.0451924
2.902  0.0457858
2.90525  0.0463822
2.9085  0.0469815
2.91175  0.0475837
2.915  0.0481888
2.91825  0.0487968
2.9215  0.0494076
2.92475  0.0500212
2.928  0.0506375
2.93125  0.0512566
2.9345  0.0518784
2.93775  0.0525029
2.941  0.0531301
2.94425  0.0537599
2.9475  0.0543923
2.95075  0.0550272
2.954  0.0556647
2.95725  0.0563048
2.9605  0.0569473
2.96375  0.0575923
2.967  0.0582397
2.97025  0.0588895
2.9735  0.0595418
2.97675  0.0601964
2.98  0.0608533
2.98325  0.0615125
2.9865  0.062174
2.98975  0.0628378
2.993  0.0635038
2.99625  0.0641721
2.9995  0.0648425
3.00275  0.0655151
3.006  0.0661898
3.00925  0.0668666
3.0125  0.0675455
3.01575  0.0682265
3.019  0.0689095
3.02225  0.0695946
3.0255  0.0702816
3.02875  0.0709706
3.032  0.0716616
3.03525  0.0723545
3.0385  0.0730493
3.04175  0.073746
3.045  0.0744445
3.04825  0.0751449
3.0515  0.0758471
3.05475  0.0765511
3.058  0.0772568
3.06125  0.0779643
3.0645  0.0786736
3.06775  0.0793845
3.071  0.0800972
3.07425  0.0808115
3.0775  0.0815274
3.08075  0.082245
3.084  0.0829642
3.08725  0.083685
3.0905  0.0844073
3.09375  0.0851312
3.097  0.0858566
3.10025  0.0865835
3.1035  0.0873119
3.10675  0.0880418
3.11  0.0887731
3.11325  0.0895058
3.1165  0.09024
3.11975  0.0909755
3.123  0.0917124
3.12625  0.0924507
3.1295  0.0931903
3.13275  0.0939313
3.136  0.0946735
3.13925  0.095417
3.1425  0.0961618
3.14575  0.0969078
3.149  0.097655
3.15225  0.0984035
3.1555  0.0991531
3.15875  0.099904
3.162  0.100656
3.16525  0.101409
3.1685  0.102163
3.17175  0.102919
3.175  0.103675
3.17825  0.104433
3.1815  0.105191
3.18475  0.105951
3.188  0.106712
3.19125  0.107473
3.1945  0.108236
3.19775  0.109
3.201  0.109764
3.20425  0.11053
3.2075  0.111296
3.21075  0.112064
3.214  0.112832
3.21725  0.113601
3.2205  0.114371
3.22375  0.115142
3.227  0.115914
3.23025  0.116687
3.2335  0.11746
3.23675  0.118235
3.24  0.11901
3.24325  0.119785
3.2465  0.120562
3.24975  0.121339
3.253  0.122117
3.25625  0.122896
3.2595  0.123676
3.26275  0.124456
3.266  0.125237
3.26925  0.126018
3.2725  0.1268
3.27575  0.127583
3.279  0.128366
3.28225  0.12915
3.2855  0.129935
3.28875  0.13072
3.292  0.131506
3.29525  0.132292
3.2985  0.133079
3.30175  0.133867
3.305  0.134655
3.30825  0.135443
3.3115  0.136232
3.31475  0.137022
3.318  0.137812
3.32125  0.138602
3.3245  0.139393
3.32775  0.140184
3.331  0.140976
3.33425  0.141768
3.3375  0.142561
3.34075  0.143354
3.344  0.144147
3.34725  0.144941
3.3505  0.145735
3.35375  0.146529
3.357  0.147324
3.36025  0.148119
3.3635  0.148915
3.36675  0.14971
3.37  0.150507
3.37325  0.151303
3.3765  0.1521
3.37975  0.152896
3.383  0.153694
3.38625  0.154491
3.3895  0.155289
3.39275  0.156087
3.396  0.156885
3.39925  0.157683
3.4025  0.158482
3.40575  0.15928
3.409  0.160079
3.41225  0.160878
3.4155  0.161677
3.41875  0.162477
3.422  0.163276
3.42525  0.164076
3.4285  0.164876
3.43175  0.165676
3.435  0.166476
3.43825  0.167276
3.4415  0.168076
3.44475  0.168877
3.448  0.169677
3.45125  0.170477
3.4545  0.171278
3.45775  0.172079
3.461  0.172879
3.46425  0.17368
3.4675  0.174481
3.47075  0.175281
3.474  0.176082
3.47725  0.176883
3.4805  0.177683
3.48375  0.178484
3.487  0.179285
3.49025  0.180085
3.4935  0.180886
3.49675  0.181687
3.5  0.182487
3.50325  0.183287
3.5065  0.184088
3.50975  0.184888
3.513  0.185688
3.51625  0.186489
3.5195  0.187289
3.52275  0.188089
3.526  0.188888
3.52925  0.189688
3.5325  0.190488
3.53575  0.191287
3.539  0.192087
3.54225  0.192886
3.5455  0.193685
3.54875  0.194484
3.552  0.195282
3.55525  0.196081
3.5585  0.196879
3.56175  0.197678
3.565  0.198476
3.56825  0.199273
3.5715  0.200071
3.57475  0.200868
3.578  0.201666
3.58125  0.202463
3.5845  0.203259
3.58775  0.204056
3.591  0.204852
3.59425  0.205648
3.5975  0.206444
3.60075  0.207239
3.604  0.208035
3.60725  0.20883
3.6105  0.209625
3.61375  0.210419
3.617  0.211213
3.62025  0.212007
3.6235  0.212801
3.62675  0.213594
3.63  0.214387
3.63325  0.21518
3.6365  0.215972
3.63975  0.216764
3.643  0.217556
3.64625  0.218347
3.6495  0.219138
3.65275  0.219929
3.656  0.22072
3.65925  0.22151
3.6625  0.222299
3.66575  0.223089
3.669  0.223878
3.67225  0.224666
3.6755  0.225455
3.67875  0.226242
3.682  0.22703
3.68525  0.227817
3.6885  0.228604
3.69175  0.22939
3.695  0.230176
3.69825  0.230961
3.7015  0.231747
3.70475  0.232531
3.708  0.233315
3.71125  0.234099
3.7145  0.234883
3.71775  0.235666
3.721  0.236448
3.72425  0.23723
3.7275  0.238012
3.73075  0.238793
3.734  0.239574
3.73725  0.240355
3.7405  0.241134
3.74375  0.241914
3.747  0.242693
3.75025  0.243471
3.7535  0.244249
3.75675  0.245027
3.76  0.245804
3.76325  0.246581
3.7665  0.247357
3.76975  0.248132
3.773  0.248907
3.77625  0.249682
3.7795  0.250456
3.78275  0.25123
3.786  0.252003
3.78925  0.252775
3.7925  0.253548
3.79575  0.254319
3.799  0.25509
3.80225  0.255861
3.8055  0.256631
3.80875  0.2574
3.812  0.258169
3.81525  0.258938
3.8185  0.259705
3.82175  0.260473
3.825  0.26124
3.82825  0.262006
3.8315  0.262771
3.83475  0.263537
3.838  0.264301
3.84125  0.265065
3.8445  0.265829
3.84775  0.266592
3.851  0.267354
3.85425  0.268116
3.8575  0.268877
3.86075  0.269637
3.864  0.270398
3.86725  0.271157
3.8705  0.271916
3.87375  0.272674
3.877  0.273432
3.88025  0.274189
3.8835  0.274945
3.88675  0.275701
3.89  0.276457
3.89325  0.277211
3.8965  0.277966
3.89975  0.278719
3.903  0.279472
3.90625  0.280224
3.9095  0.280976
3.91275  0.281727
3.916  0.282478
3.91925  0.283227
3.9225  0.283977
3.92575  0.284725
3.929  0.285473
3.93225  0.286221
3.9355  0.286967
3.93875  0.287713
3.942  0.288459
3.94525  0.289204
3.9485  0.289948
3.95175  0.290691
3.955  0.291434
3.95825  0.292177
3.9615  0.292918
3.96475  0.293659
3.968  0.294399
3.97125  0.295139
3.9745  0.295878
3.97775  0.296617
3.981  0.297354
3.98425  0.298091
3.9875  0.298828
3.99075  0.299564
3.994  0.300299
3.99725  0.301033
4.0005  0.301767
4.00375  0.3025
4.007  0.303232
4.01025  0.303964
4.0135  0.304695
4.01675  0.305426
4.02  0.306155
4.02325  0.306884
4.0265  0.307613
4.02975  0.308341
4.033  0.309068
4.03625  0.309794
4.0395  0.31052
4.04275  0.311245
4.046  0.311969
4.04925  0.312693
4.0525  0.313415
4.05575  0.314138
4.059  0.314859
4.06225  0.31558
4.0655  0.3163
4.06875  0.31702
4.072  0.317739
4.07525  0.318457
4.0785  0.319174
4.08175  0.319891
4.085  0.320607
4.08825  0.321322
4.0915  0.322037
4.09475  0.32275
4.098  0.323464
4.10125  0.324176
4.1045  0.324888
4.10775  0.325599
4.111  0.326309
4.11425  0.327019
4.1175  0.327728
4.12075  0.328436
4.124  0.329144
4.12725  0.32985
4.1305  0.330557
4.13375  0.331262
4.137  0.331967
4.14025  0.332671
4.1435  0.333374
4.14675  0.334076
4.15  0.334778
4.15325  0.335479
4.1565  0.336179
4.15975  0.336879
4.163  0.337578
4.16625  0.338276
4.1695  0.338974
4.17275  0.33967
4.176  0.340366
4.17925  0.341062
4.1825  0.341756
4.18575  0.34245
4.189  0.343143
4.19225  0.343836
4.1955  0.344527
4.19875  0.345218
4.202  0.345908
4.20525  0.346598
4.2085  0.347287
4.21175  0.347975
4.215  0.348662
4.21825  0.349349
4.2215  0.350034
4.22475  0.350719
4.228  0.351404
4.23125  0.352087
4.2345  0.35277
4.23775  0.353452
4.241  0.354134
4.24425  0.354815
4.2475  0.355494
4.25075  0.356174
4.254  0.356852
4.25725  0.35753
4.2605  0.358207
4.26375  0.358883
4.267  0.359559
4.27025  0.360233
4.2735  0.360907
4.27675  0.361581
4.28  0.362253
4.28325  0.362925
4.2865  0.363596
4.28975  0.364267
4.293  0.364936
4.29625  0.365605
4.2995  0.366273
4.30275  0.36694
4.306  0.367607
4.30925  0.368273
4.3125  0.368938
4.31575  0.369603
4.319  0.370266
4.32225  0.370929
4.3255  0.371591
4.32875  0.372253
4.332  0.372913
4.33525  0.373573
4.3385  0.374233
4.34175  0.374891
4.345  0.375549
4.34825  0.376206
4.3515  0.376862
4.35475  0.377517
4.358  0.378172
4.36125  0.378826
4.3645  0.379479
4.36775  0.380132
4.371  0.380784
4.37425  0.381435
4.3775  0.382085
4.38075  0.382734
4.384  0.383383
4.38725  0.384031
4.3905  0.384679
4.39375  0.385325
4.397  0.385971
4.40025  0.386616
4.4035  0.38726
4.40675  0.387904
4.41  0.388547
4.41325  0.389189
4.4165  0.38983
4.41975  0.390471
4.423  0.391111
4.42625  0.39175
4.4295  0.392388
4.43275  0.393026
4.436  0.393663
4.43925  0.394299
4.4425  0.394934
4.44575  0.395569
4.449  0.396203
4.45225  0.396836
4.4555  0.397468
4.45875  0.3981
4.462  0.398731
4.46525  0.399361
4.4685  0.39999
4.47175  0.400619
4.475  0.401247
4.47825  0.401874
4.4815  0.402501
4.48475  0.403127
4.488  0.403752
4.49125  0.404376
4.4945  0.404999
4.49775  0.405622
4.501  0.406244
4.50425  0.406865
4.5075  0.407486
4.51075  0.408106
4.514  0.408725
4.51725  0.409343
4.5205  0.409961
4.52375  0.410578
4.527  0.411194
4.53025  0.411809
4.5335  0.412424
4.53675  0.413038
4.54  0.413651
4.54325  0.414263
4.5465  0.414875
4.54975  0.415486
4.553  0.416096
4.55625  0.416706
4.5595  0.417315
4.56275  0.417923
4.566  0.41853
4.56925  0.419136
4.5725  0.419742
4.57575  0.420347
4.579  0.420952
4.58225  0.421555
4.5855  0.422158
4.58875  0.42276
4.592  0.423362
4.59525  0.423963
4.5985  0.424563
4.60175  0.425162
4.605  0.42576
4.60825  0.426358
4.6115  0.426955
4.61475  0.427551
4.618  0.428147
4.62125  0.428742
4.6245  0.429336
4.62775  0.429929
4.631  0.430522
4.63425  0.431114
4.6375  0.431705
4.64075  0.432296
4.644  0.432886
4.64725  0.433475
4.6505  0.434063
4.65375  0.434651
4.657  0.435238
4.66025  0.435824
4.6635  0.436409
4.66675  0.436994
4.67  0.437578
4.67325  0.438161
4.6765  0.438744
4.67975  0.439326
4.683  0.439907
4.68625  0.440487
4.6895  0.441067
4.69275  0.441646
4.696  0.442224
4.69925  0.442802
4.7025  0.443379
4.70575  0.443955
4.709  0.44453
4.71225  0.445105
4.7155  0.445679
4.71875  0.446252
4.722  0.446825
4.72525  0.447397
4.7285  0.447968
4.73175  0.448538
4.735  0.449108
4.73825  0.449677
4.7415  0.450245
4.74475  0.450813
4.748  0.45138
4.75125  0.451946
4.7545  0.452511
4.75775  0.453076
4.761  0.45364
4.76425  0.454203
4.7675  0.454766
4.77075  0.455328
4.774  0.455889
4.77725  0.45645
4.7805  0.45701
4.78375  0.457569
4.787  0.458127
4.79025  0.458685
4.7935  0.459242
4.79675  0.459798
4.8  0.460354
4.80325  0.460909
4.8065  0.461463
4.80975  0.462017
4.813  0.462569
4.81625  0.463122
4.8195  0.463673
4.82275  0.464224
4.826  0.464774
4.82925  0.465323
4.8325  0.465872
4.83575  0.46642
4.839  0.466967
4.84225  0.467514
4.8455  0.46806
4.84875  0.468605
4.852  0.469149
4.85525  0.469693
4.8585  0.470236
4.86175  0.470779
4.865  0.471321
4.86825  0.471862
4.8715  0.472402
4.87475  0.472942
4.878  0.473481
4.88125  0.474019
4.8845  0.474557
4.88775  0.475094
4.891  0.47563
4.89425  0.476166
4.8975  0.476701
4.90075  0.477235
4.904  0.477769
4.90725  0.478302
4.9105  0.478834
4.91375  0.479366
4.917  0.479897
4.92025  0.480427
4.9235  0.480956
4.92675  0.481485
4.93  0.482014
4.93325  0.482541
4.9365  0.483068
4.93975  0.483594
4.943  0.48412
4.94625  0.484644
4.9495  0.485169
4.95275  0.485692
4.956  0.486215
4.95925  0.486737
4.9625  0.487259
4.96575  0.48778
4.969  0.4883
4.97225  0.488819
4.9755  0.489338
4.97875  0.489856
4.982  0.490374
4.98525  0.490891
4.9885  0.491407
4.99175  0.491923
4.995  0.492438
4.99825  0.492952
5.0015  0.493465
5.00475  0.493978
5.008  0.494491
5.01125  0.495002
5.0145  0.495513
5.01775  0.496023
5.021  0.496533
5.02425  0.497042
5.0275  0.497551
5.03075  0.498058
5.034  0.498565
5.03725  0.499072
5.0405  0.499577
5.04375  0.500083
5.047  0.500587
5.05025  0.501091
5.0535  0.501594
5.05675  0.502097
5.06  0.502598
5.06325  0.5031
5.0665  0.5036
5.06975  0.5041
5.073  0.5046
5.07625  0.505098
5.0795  0.505596
5.08275  0.506094
5.086  0.50659
5.08925  0.507086
5.0925  0.507582
5.09575  0.508077
5.099  0.508571
5.10225  0.509065
5.1055  0.509557
5.10875  0.51005
5.112  0.510541
5.11525  0.511033
5.1185  0.511523
5.12175  0.512013
5.125  0.512502
5.12825  0.51299
5.1315  0.513478
5.13475  0.513966
5.138  0.514452
5.14125  0.514938
5.1445  0.515424
5.14775  0.515908
5.151  0.516392
5.15425  0.516876
5.1575  0.517359
5.16075  0.517841
5.164  0.518323
5.16725  0.518804
5.1705  0.519284
5.17375  0.519764
5.177  0.520243
5.18025  0.520722
5.1835  0.5212
5.18675  0.521677
5.19  0.522154
5.19325  0.52263
5.1965  0.523105
5.19975  0.52358
5.203  0.524054
5.20625  0.524528
5.2095  0.525001
5.21275  0.525474
5.216  0.525945
5.21925  0.526417
5.2225  0.526887
5.22575  0.527357
5.229  0.527827
5.23225  0.528295
5.2355  0.528764
5.23875  0.529231
5.242  0.529698
5.24525  0.530164
5.2485  0.53063
5.25175  0.531095
5.255  0.53156
5.25825  0.532024
5.2615  0.532487
5.26475  0.53295
5.268  0.533412
5.27125  0.533874
5.2745  0.534335
5.27775  0.534795
5.281  0.535255
5.28425  0.535714
5.2875  0.536173
5.29075  0.536631
5.294  0.537088
5.29725  0.537545
5.3005  0.538001
5.30375  0.538457
5.307  0.538912
5.31025  0.539367
5.3135  0.539821
5.31675  0.540274
5.32  0.540727
5.32325  0.541179
5.3265  0.54163
5.32975  0.542081
5.333  0.542532
5.33625  0.542982
5.3395  0.543431
5.34275  0.543879
5.346  0.544328
5.34925  0.544775
5.3525  0.545222
5.35575  0.545668
5.359  0.546114
5.36225  0.546559
5.3655  0.547004
5.36875  0.547448
5.372  0.547891
5.37525  0.548334
5.3785  0.548777
5.38175  0.549218
5.385  0.54966
5.38825  0.5501
5.3915  0.55054
5.39475  0.55098
5.398  0.551419
5.40125  0.551857
5.4045  0.552295
5.40775  0.552732
5.411  0.553169
5.41425  0.553605
5.4175  0.55404
5.42075  0.554475
5.424  0.55491
5.42725  0.555344
5.4305  0.555777
5.43375  0.55621
5.437  0.556642
5.44025  0.557074
5.4435  0.557505
5.44675  0.557935
5.45  0.558365
5.45325  0.558794
5.4565  0.559223
5.45975  0.559652
5.463  0.560079
5.46625  0.560507
5.4695  0.560933
5.47275  0.561359
5.476  0.561785
5.47925  0.56221
5.4825  0.562634
5.48575  0.563058
5.489  0.563482
5.49225  0.563904
5.4955  0.564327
5.49875  0.564748
5.502  0.56517
5.50525  0.56559
5.5085  0.56601
5.51175  0.56643
5.515  0.566849
5.51825  0.567267
5.5215  0.567685
5.52475  0.568103
5.528  0.568519
5.53125  0.568936
5.5345  0.569352
5.53775  0.569767
5.541  0.570182
5.54425  0.570596
5.5475  0.571009
5.55075  0.571423
5.554  0.571835
5.55725  0.572247
5.5605  0.572659
5.56375  0.57307
5.567  0.57348
5.57025  0.57389
5.5735  0.5743
5.57675  0.574708
5.58  0.575117
5.58325  0.575525
5.5865  0.575932
5.58975  0.576339
5.593  0.576745
5.59625  0.577151
5.5995  0.577556
5.60275  0.577961
5.606  0.578365
5.60925  0.578768
5.6125  0.579172
5.61575  0.579574
5.619  0.579976
5.62225  0.580378
5.6255  0.580779
5.62875  0.58118
5.632  0.58158
5.63525  0.581979
5.6385  0.582378
5.64175  0.582777
5.645  0.583175
5.64825  0.583572
5.6515  0.583969
5.65475  0.584366
5.658  0.584762
5.66125  0.585157
5.6645  0.585552
5.66775  0.585946
5.671  0.58634
5.67425  0.586734
5.6775  0.587127
5.68075  0.587519
5.684  0.587911
5.68725  0.588303
5.6905  0.588693
5.69375  0.589084
5.697  0.589474
5.70025  0.589863
5.7035  0.590252
5.70675  0.590641
5.71  0.591028
5.71325  0.591416
5.7165  0.591803
5.71975  0.592189
5.723  0.592575
5.72625  0.592961
5.7295  0.593346
5.73275  0.59373
5.736  0.594114
5.73925  0.594498
5.7425  0.594881
5.74575  0.595263
5.749  0.595645
5.75225  0.596027
5.7555  0.596408
5.75875  0.596788
5.762  0.597168
5.76525  0.597548
5.7685  0.597927
5.77175  0.598306
5.775  0.598684
5.77825  0.599061
5.7815  0.599438
5.78475  0.599815
5.788  0.600191
5.79125  0.600567
5.7945  0.600942
5.79775  0.601317
5.801  0.601691
5.80425  0.602065
5.8075  0.602438
5.81075  0.602811
5.814  0.603184
5.81725  0.603556
5.8205  0.603927
5.82375  0.604298
5.827  0.604668
5.83025  0.605038
5.8335  0.605408
5.83675  0.605777
5.84  0.606146
5.84325  0.606514
5.8465  0.606882
5.84975  0.607249
5.853  0.607615
5.85625  0.607982
5.8595  0.608348
5.86275  0.608713
5.866  0.609078
5.86925  0.609442
5.8725  0.609806
5.87575  0.61017
5.879  0.610533
5.88225  0.610895
5.8855  0.611257
5.88875  0.611619
5.892  0.61198
5.89525  0.612341
5.8985  0.612701
5.90175  0.613061
5.905  0.61342
5.90825  0.613779
5.9115  0.614137
5.91475  0.614495
5.918  0.614853
5.92125  0.61521
5.9245  0.615567
5.92775  0.615923
5.931  0.616279
5.93425  0.616634
5.9375  0.616989
5.94075  0.617343
5.944  0.617697
5.94725  0.61805
5.9505  0.618403
5.95375  0.618756
5.957  0.619108
5.96025  0.61946
5.9635  0.619811
5.96675  0.620162
5.97  0.620512
5.97325  0.620862
5.9765  0.621212
5.97975  0.621561
5.983  0.621909
5.98625  0.622257
5.9895  0.622605
5.99275  0.622952
5.996  0.623299
5.99925  0.623646
6.0025  0.623992
6.00575  0.624337
6.009  0.624682
6.01225  0.625027
6.0155  0.625371
6.01875  0.625715
6.022  0.626058
6.02525  0.626401
6.0285  0.626743
6.03175  0.627086
6.035  0.627427
6.03825  0.627768
6.0415  0.628109
6.04475  0.628449
6.048  0.628789
6.05125  0.629129
6.0545  0.629468
6.05775  0.629806
6.061  0.630145
6.06425  0.630482
6.0675  0.63082
6.07075  0.631157
6.074  0.631493
6.07725  0.631829
6.0805  0.632165
6.08375  0.6325
6.087  0.632835
6.09025  0.633169
6.0935  0.633503
6.09675  0.633837
6.1  0.63417
6.10325  0.634503
6.1065  0.634835
6.10975  0.635167
6.113  0.635498
6.11625  0.635829
6.1195  0.63616
6.12275  0.63649
6.126  0.63682
6.12925  0.637149
6.1325  0.637478
6.13575  0.637807
6.139  0.638135
6.14225  0.638463
6.1455  0.63879
6.14875  0.639117
6.152  0.639444
6.15525  0.63977
6.1585  0.640095
6.16175  0.640421
6.165  0.640746
6.16825  0.64107
6.1715  0.641394
6.17475  0.641718
6.178  0.642041
6.18125  0.642364
6.1845  0.642686
6.18775  0.643008
6.191  0.64333
6.19425  0.643651
6.1975  0.643972
6.20075  0.644293
6.204  0.644613
6.20725  0.644932
6.2105  0.645252
6.21375  0.64557
6.217  0.645889
6.22025  0.646207
6.2235  0.646525
6.22675  0.646842
6.23  0.647159
6.23325  0.647475
6.2365  0.647791
6.23975  0.648107
6.243  0.648422
6.24625  0.648737
6.2495  0.649052
6.25275  0.649366
6.256  0.64968
6.25925  0.649993
6.2625  0.650306
6.26575  0.650619
6.269  0.650931
6.27225  0.651243
6.2755  0.651554
6.27875  0.651865
6.282  0.652176
6.28525  0.652486
6.2885  0.652796
6.29175  0.653105
6.295  0.653414
6.29825  0.653723
6.3015  0.654031
6.30475  0.654339
6.308  0.654647
6.31125  0.654954
6.3145  0.655261
6.31775  0.655567
6.321  0.655873
6.32425  0.656179
6.3275  0.656484
6.33075  0.656789
6.334  0.657094
6.33725  0.657398
6.3405  0.657702
6.34375  0.658005
6.347  0.658308
6.35025  0.658611
6.3535  0.658913
6.35675  0.659215
6.36  0.659517
6.36325  0.659818
6.3665  0.660119
6.36975  0.660419
6.373  0.660719
6.37625  0.661019
6.3795  0.661318
6.38275  0.661617
6.386  0.661916
6.38925  0.662214
6.3925  0.662512
6.39575  0.662809
6.399  0.663107
6.40225  0.663403
6.4055  0.6637
6.40875  0.663996
6.412  0.664291
6.41525  0.664587
6.4185  0.664882
6.42175  0.665176
6.425  0.66547
6.42825  0.665764
6.4315  0.666058
6.43475  0.666351
6.438  0.666644
6.44125  0.666936
6.4445  0.667228
6.44775  0.66752
6.451  0.667811
6.45425  0.668102
6.4575  0.668393
6.46075  0.668683
6.464  0.668973
6.46725  0.669263
6.4705  0.669552
6.47375  0.669841
6.477  0.670129
6.48025  0.670417
6.4835  0.670705
6.48675  0.670993
6.49  0.67128
6.49325  0.671566
6.4965  0.671853
6.49975  0.672139
6.503  0.672425
6.50625  0.67271
6.5095  0.672995
6.51275  0.67328
6.516  0.673564
6.51925  0.673848
6.5225  0.674131
6.52575  0.674415
6.529  0.674698
6.53225  0.67498
6.5355  0.675262
6.53875  0.675544
6.542  0.675826
6.54525  0.676107
6.5485  0.676388
6.55175  0.676668
6.555  0.676949
6.55825  0.677228
6.5615  0.677508
6.56475  0.677787
6.568  0.678066
6.57125  0.678344
6.5745  0.678623
6.57775  0.6789
6.581  0.679178
6.58425  0.679455
6.5875  0.679732
6.59075  0.680008
6.594  0.680284
6.59725  0.68056
6.6005  0.680836
6.60375  0.681111
6.607  0.681385
6.61025  0.68166
6.6135  0.681934
6.61675  0.682208
6.62  0.682481
6.62325  0.682754
6.6265  0.683027
6.62975  0.6833
6.633  0.683572
6.63625  0.683844
6.6395  0.684115
6.64275  0.684386
6.646  0.684657
6.64925  0.684928
6.6525  0.685198
6.65575  0.685468
6.659  0.685737
6.66225  0.686006
6.6655  0.686275
6.66875  0.686544
6.672  0.686812
6.67525  0.68708
6.6785  0.687348
6.68175  0.687615
6.685  0.687882
6.68825  0.688148
6.6915  0.688415
6.69475  0.688681
6.698  0.688946
6.70125  0.689212
6.7045  0.689477
6.70775  0.689741
6.711  0.690006
6.71425  0.69027
6.7175  0.690534
6.72075  0.690797
6.724  0.69106
6.72725  0.691323
6.7305  0.691585
6.73375  0.691848
6.737  0.692109
6.74025  0.692371
6.7435  0.692632
6.74675  0.692893
6.75  0.693154
6.75325  0.693414
6.7565  0.693674
6.75975  0.693934
6.763  0.694193
6.76625  0.694452
6.7695  0.694711
6.77275  0.694969
6.776  0.695227
6.77925  0.695485
6.7825  0.695743
6.78575  0.696
6.789  0.696257
6.79225  0.696513
6.7955  0.69677
6.79875  0.697026
6.802  0.697281
6.80525  0.697537
6.8085  0.697792
6.81175  0.698046
6.815  0.698301
6.81825  0.698555
6.8215  0.698809
6.82475  0.699062
6.828  0.699316
6.83125  0.699569
6.8345  0.699821
6.83775  0.700074
6.841  0.700326
6.84425  0.700577
6.8475  0.700829
6.85075  0.70108
6.854  0.701331
6.85725  0.701581
6.8605  0.701832
6.86375  0.702082
6.867  0.702331
6.87025  0.702581
6.8735  0.70283
6.87675  0.703078
6.88  0.703327
6.88325  0.703575
6.8865  0.703823
6.88975  0.704071
6.893  0.704318
6.89625  0.704565
6.8995  0.704812
6.90275  0.705058
6.906  0.705304
6.90925  0.70555
6.9125  0.705795
6.91575  0.706041
6.919  0.706286
6.92225  0.70653
6.9255  0.706775
6.92875  0.707019
6.932  0.707263
6.93525  0.707506
6.9385  0.707749
6.94175  0.707992
6.945  0.708235
6.94825  0.708478
6.9515  0.70872
6.95475  0.708961
6.958  0.709203
6.96125  0.709444
6.9645  0.709685
6.96775  0.709926
6.971  0.710166
6.97425  0.710406
6.9775  0.710646
6.98075  0.710886
6.984  0.711125
6.98725  0.711364
6.9905  0.711603
6.99375  0.711841
6.997  0.712079
7.00025  0.712317
7.0035  0.712555
7.00675  0.712792
7.01  0.713029
7.01325  0.713266
7.0165  0.713502
7.01975  0.713738
7.023  0.713974
7.02625  0.71421
7.0295  0.714445
7.03275  0.71468
7.036  0.714915
7.03925  0.71515
7.0425  0.715384
7.04575  0.715618
7.049  0.715852
7.05225  0.716085
7.0555  0.716318
7.05875  0.716551
7.062  0.716784
7.06525  0.717016
7.0685  0.717248
7.07175  0.71748
7.075  0.717712
7.07825  0.717943
7.0815  0.718174
7.08475  0.718405
7.088  0.718635
7.09125  0.718866
7.0945  0.719095
7.09775  0.719325
7.101  0.719555
7.10425  0.719784
7.1075  0.720013
7.11075  0.720241
7.114  0.72047
7.11725  0.720698
7.1205  0.720925
7.12375  0.721153
7.127  0.72138
7.13025  0.721607
7.1335  0.721834
7.13675  0.72206
7.14  0.722287
7.14325  0.722513
7.1465  0.722738
7.14975  0.722964
7.153  0.723189
7.15625  0.723414
7.1595  0.723639
7.16275  0.723863
7.166  0.724087
7.16925  0.724311
7.1725  0.724535
7.17575  0.724758
7.179  0.724981
7.18225  0.725204
7.1855  0.725427
7.18875  0.725649
7.192  0.725871
7.19525  0.726093
7.1985  0.726314
7.20175  0.726536
7.205  0.726757
7.20825  0.726978
7.2115  0.727198
7.21475  0.727418
7.218  0.727638
7.22125  0.727858
7.2245  0.728078
7.22775  0.728297
7.231  0.728516
7.23425  0.728735
7.2375  0.728953
7.24075  0.729172
7.244  0.72939
7.24725  0.729607
7.2505  0.729825
7.25375  0.730042
7.257  0.730259
7.26025  0.730476
7.2635  0.730693
7.26675  0.730909
7.27  0.731125
7.27325  0.731341
7.2765  0.731556
7.27975  0.731771
7.283  0.731987
7.28625  0.732201
7.2895  0.732416
7.29275  0.73263
7.296  0.732844
7.29925  0.733058
7.3025  0.733272
7.30575  0.733485
7.309  0.733698
7.31225  0.733911
7.3155  0.734123
7.31875  0.734336
7.322  0.734548
7.32525  0.73476
7.3285  0.734971
7.33175  0.735183
7.335  0.735394
7.33825  0.735605
7.3415  0.735816
7.34475  0.736026
7.348  0.736236
7.35125  0.736446
7.3545  0.736656
7.35775  0.736865
7.361  0.737074
7.36425  0.737283
7.3675  0.737492
7.37075  0.737701
7.374  0.737909
7.37725  0.738117
7.3805  0.738325
7.38375  0.738532
7.387  0.73874
7.39025  0.738947
7.3935  0.739154
7.39675  0.73936
7.4  0.739567
7.40325  0.739773
7.4065  0.739979
7.40975  0.740185
7.413  0.74039
7.41625  0.740595
7.4195  0.7408
7.42275  0.741005
7.426  0.74121
7.42925  0.741414
7.4325  0.741618
7.43575  0.741822
7.439  0.742025
7.44225  0.742229
7.4455  0.742432
7.44875  0.742635
7.452  0.742838
7.45525  0.74304
7.4585  0.743242
7.46175  0.743444
7.465  0.743646
7.46825  0.743848
7.4715  0.744049
7.47475  0.74425
7.478  0.744451
7.48125  0.744652
7.4845  0.744852
7.48775  0.745052
7.491  0.745252
7.49425  0.745452
7.4975  0.745651
7.50075  0.745851
7.504  0.74605
7.50725  0.746249
7.5105  0.746447
7.51375  0.746646
7.517  0.746844
7.52025  0.747042
7.5235  0.74724
7.52675  0.747437
7.53  0.747634
7.53325  0.747832
7.5365  0.748028
7.53975  0.748225
7.543  0.748421
7.54625  0.748618
7.5495  0.748814
7.55275  0.749009
7.556  0.749205
7.55925  0.7494
7.5625  0.749595
7.56575  0.74979
7.569  0.749985
7.57225  0.750179
7.5755  0.750374
7.57875  0.750568
7.582  0.750761
7.58525  0.750955
7.5885  0.751148
7.59175  0.751341
7.595  0.751534
7.59825  0.751727
7.6015  0.75192
7.60475  0.752112
7.608  0.752304
7.61125  0.752496
7.6145  0.752687
7.61775  0.752879
7.621  0.75307
7.62425  0.753261
7.6275  0.753452
7.63075  0.753643
7.634  0.753833
7.63725  0.754023
7.6405  0.754213
7.64375  0.754403
7.647  0.754592
7.65025  0.754782
7.6535  0.754971
7.65675  0.75516
7.66  0.755348
7.66325  0.755537
7.6665  0.755725
7.66975  0.755913
7.673  0.756101
7.67625  0.756289
7.6795  0.756476
7.68275  0.756663
7.686  0.75685
7.68925  0.757037
7.6925  0.757224
7.69575  0.75741
7.699  0.757596
7.70225  0.757782
7.7055  0.757968
7.70875  0.758154
7.712  0.758339
7.71525  0.758524
7.7185  0.758709
7.72175  0.758894
7.725  0.759079
7.72825  0.759263
7.7315  0.759447
7.73475  0.759631
7.738  0.759815
7.74125  0.759999
7.7445  0.760182
7.74775  0.760365
7.751  0.760548
7.75425  0.760731
7.7575  0.760913
7.76075  0.761096
7.764  0.761278
7.76725  0.76146
7.7705  0.761642
7.77375  0.761823
7.777  0.762004
7.78025  0.762186
7.7835  0.762367
7.78675  0.762547
7.79  0.762728
7.79325  0.762908
7.7965  0.763088
7.79975  0.763268
7.803  0.763448
7.80625  0.763628
7.8095  0.763807
7.81275  0.763986
7.816  0.764165
7.81925  0.764344
7.8225  0.764523
7.82575  0.764701
7.829  0.764879
7.83225  0.765057
7.8355  0.765235
7.83875  0.765413
7.842  0.76559
7.84525  0.765767
7.8485  0.765944
7.85175  0.766121
7.855  0.766298
7.85825  0.766474
7.8615  0.766651
7.86475  0.766827
7.868  0.767003
7.87125  0.767178
7.8745  0.767354
7.87775  0.767529
7.881  0.767704
7.88425  0.767879
7.8875  0.768054
7.89075  0.768228
7.894  0.768403
7.89725  0.768577
7.9005  0.768751
7.90375  0.768925
7.907  0.769098
7.91025  0.769272
7.9135  0.769445
7.91675  0.769618
7.92  0.769791
7.92325  0.769964
7.9265  0.770136
7.92975  0.770308
7.933  0.770481
7.93625  0.770652
7.9395  0.770824
7.94275  0.770996
7.946  0.771167
7.94925  0.771338
7.9525  0.771509
7.95575  0.77168
7.959  0.771851
7.96225  0.772021
7.9655  0.772191
7.96875  0.772362
7.972  0.772531
7.97525  0.772701
7.9785  0.772871
7.98175  0.77304
7.985  0.773209
7.98825  0.773378
7.9915  0.773547
7.99475  0.773716
7.998  0.773884
8.00125  0.774052
8.0045  0.77422
8.00775  0.774388
8.011  0.774556
8.01425  0.774724
8.0175  0.774891
8.02075  0.775058
8.024  0.775225
8.02725  0.775392
8.0305  0.775559
8.03375  0.775725
8.037  0.775891
8.04025  0.776057
8.0435  0.776223
8.04675  0.776389
8.05  0.776555
8.05325  0.77672
8.0565  0.776885
8.05975  0.77705
8.063  0.777215
8.06625  0.77738
8.0695  0.777544
8.07275  0.777709
8.076  0.777873
8.07925  0.778037
8.0825  0.778201
8.08575  0.778364
8.089  0.778528
8.09225  0.778691
8.0955  0.778854
8.09875  0.779017
8.102  0.77918
8.10525  0.779343
8.1085  0.779505
8.11175  0.779667
8.115  0.779829
8.11825  0.779991
8.1215  0.780153
8.12475  0.780315
8.128  0.780476
8.13125  0.780637
8.1345  0.780798
8.13775  0.780959
8.141  0.78112
8.14425  0.78128
8.1475  0.781441
8.15075  0.781601
8.154  0.781761
8.15725  0.781921
8.1605  0.78208
8.16375  0.78224
8.167  0.782399
8.17025  0.782558
8.1735  0.782717
8.17675  0.782876
8.18  0.783035
8.18325  0.783193
8.1865  0.783352
8.18975  0.78351
8.193  0.783668
8.19625  0.783826
8.1995  0.783984
8.20275  0.784141
8.206  0.784298
8.20925  0.784456
8.2125  0.784613
8.21575  0.784769
8.219  0.784926
8.22225  0.785083
8.2255  0.785239
8.22875  0.785395
8.232  0.785551
8.23525  0.785707
8.2385  0.785863
8.24175  0.786018
8.245  0.786174
8.24825  0.786329
8.2515  0.786484
8.25475  0.786639
8.258  0.786793
8.26125  0.786948
8.2645  0.787102
8.26775  0.787257
8.271  0.787411
8.27425  0.787564
8.2775  0.787718
8.28075  0.787872
8.284  0.788025
8.28725  0.788178
8.2905  0.788332
8.29375  0.788484
8.297  0.788637
8.30025  0.78879
8.3035  0.788942
8.30675  0.789095
8.31  0.789247
8.31325  0.789399
8.3165  0.789551
8.31975  0.789702
8.323  0.789854
8.32625  0.790005
8.3295  0.790156
8.33275  0.790307
8.336  0.790458
8.33925  0.790609
8.3425  0.790759
8.34575  0.79091
8.349  0.79106
8.35225  0.79121
8.3555  0.79136
8.35875  0.79151
8.362  0.791659
8.36525  0.791809
8.3685  0.791958
8.37175  0.792107
8.375  0.792256
8.37825  0.792405
8.3815  0.792554
8.38475  0.792702
8.388  0.792851
8.39125  0.792999
8.3945  0.793147
8.39775  0.793295
8.401  0.793443
8.40425  0.79359
8.4075  0.793738
8.41075  0.793885
8.414  0.794032
8.41725  0.794179
8.4205  0.794326
8.42375  0.794473
8.427  0.794619
8.43025  0.794766
8.4335  0.794912
8.43675  0.795058
8.44  0.795204
8.44325  0.79535
8.4465  0.795495
8.44975  0.795641
8.453  0.795786
8.45625  0.795931
8.4595  0.796076
8.46275  0.796221
8.466  0.796366
8.46925  0.796511
8.4725  0.796655
8.47575  0.796799
8.479  0.796944
8.48225  0.797088
8.4855  0.797231
8.48875  0.797375
8.492  0.797519
8.49525  0.797662
8.4985  0.797805
8.50175  0.797948
8.505  0.798091
8.50825  0.798234
8.5115  0.798377
8.51475  0.798519
8.518  0.798662
8.52125  0.798804
8.5245  0.798946
8.52775  0.799088
8.531  0.79923
8.53425  0.799371
8.5375  0.799513
8.54075  0.799654
8.544  0.799795
8.54725  0.799937
8.5505  0.800077
8.55375  0.800218
8.557  0.800359
8.56025  0.800499
8.5635  0.80064
8.56675  0.80078
8.57  0.80092
8.57325  0.80106
8.5765  0.8012
8.57975  0.801339
8.583  0.801479
8.58625  0.801618
8.5895  0.801757
8.59275  0.801896
8.596  0.802035
8.59925  0.802174
8.6025  0.802313
8.60575  0.802451
8.609  0.80259
8.61225  0.802728
8.6155  0.802866
8.61875  0.803004
8.622  0.803142
8.62525  0.803279
8.6285  0.803417
8.63175  0.803554
8.635  0.803691
8.63825  0.803828
8.6415  0.803965
8.64475  0.804102
8.648  0.804239
8.65125  0.804375
8.6545  0.804512
8.65775  0.804648
8.661  0.804784
8.66425  0.80492
8.6675  0.805056
8.67075  0.805192
8.674  0.805327
8.67725  0.805463
8.6805  0.805598
8.68375  0.805733
8.687  0.805868
8.69025  0.806003
8.6935  0.806138
8.69675  0.806272
8.7  0.806407
8.70325  0.806541
8.7065  0.806675
8.70975  0.80681
8.713  0.806943
8.71625  0.807077
8.7195  0.807211
8.72275  0.807344
8.726  0.807478
8.72925  0.807611
8.7325  0.807744
8.73575  0.807877
8.739  0.80801
8.74225  0.808143
8.7455  0.808275
8.74875  0.808408
8.752  0.80854
8.75525  0.808672
8.7585  0.808805
8.76175  0.808936
8.765  0.809068
8.76825  0.8092
8.7715  0.809331
8.77475  0.809463
8.778  0.809594
8.78125  0.809725
8.7845  0.809856
8.78775  0.809987
8.791  0.810118
8.79425  0.810248
8.7975  0.810379
8.80075  0.810509
8.804  0.81064
8.80725  0.81077
8.8105  0.8109
8.81375  0.811029
8.817  0.811159
8.82025  0.811289
8.8235  0.811418
8.82675  0.811547
8.83  0.811677
8.83325  0.811806
8.8365  0.811935
8.83975  0.812063
8.843  0.812192
8.84625  0.812321
8.8495  0.812449
8.85275  0.812577
8.856  0.812705
8.85925  0.812833
8.8625  0.812961
8.86575  0.813089
8.869  0.813217
8.87225  0.813344
8.8755  0.813472
8.87875  0.813599
8.882  0.813726
8.88525  0.813853
8.8885  0.81398
8.89175  0.814107
8.895  0.814233
8.89825  0.81436
8.9015  0.814486
8.90475  0.814613
8.908  0.814739
8.91125  0.814865
8.9145  0.814991
8.91775  0.815116
8.921  0.815242
8.92425  0.815367
8.9275  0.815493
8.93075  0.815618
8.934  0.815743
8.93725  0.815868
8.9405  0.815993
8.94375  0.816118
8.947  0.816243
8.95025  0.816367
8.9535  0.816491
8.95675  0.816616
8.96  0.81674
8.96325  0.816864
8.9665  0.816988
8.96975  0.817112
8.973  0.817235
8.97625  0.817359
8.9795  0.817482
8.98275  0.817606
8.986  0.817729
8.98925  0.817852
8.9925  0.817975
8.99575  0.818098
8.999  0.81822
9.00225  0.818343
9.0055  0.818465
9.00875  0.818588
9.012  0.81871
9.01525  0.818832
9.0185  0.818954
9.02175  0.819076
9.025  0.819197
9.02825  0.819319
9.0315  0.81944
9.03475  0.819562
9.038  0.819683
9.04125  0.819804
9.0445  0.819925
9.04775  0.820046
9.051  0.820167
9.05425  0.820288
9.0575  0.820408
9.06075  0.820529
9.064  0.820649
9.06725  0.820769
9.0705  0.820889
9.07375  0.821009
9.077  0.821129
9.08025  0.821249
9.0835  0.821368
9.08675  0.821488
9.09  0.821607
9.09325  0.821726
9.0965  0.821845
9.09975  0.821965
9.103  0.822083
9.10625  0.822202
9.1095  0.822321
9.11275  0.822439
9.116  0.822558
9.11925  0.822676
9.1225  0.822794
9.12575  0.822912
9.129  0.82303
9.13225  0.823148
9.1355  0.823266
9.13875  0.823384
9.142  0.823501
9.14525  0.823619
9.1485  0.823736
9.15175  0.823853
9.155  0.82397
9.15825  0.824087
9.1615  0.824204
9.16475  0.824321
9.168  0.824437
9.17125  0.824554
9.1745  0.82467
9.17775  0.824787
9.181  0.824903
9.18425  0.825019
9.1875  0.825135
9.19075  0.82525
9.194  0.825366
9.19725  0.825482
9.2005  0.825597
9.20375  0.825713
9.207  0.825828
9.21025  0.825943
9.2135  0.826058
9.21675  0.826173
9.22  0.826288
9.22325  0.826403
9.2265  0.826517
9.22975  0.826632
9.233  0.826746
9.23625  0.82686
9.2395  0.826974
9.24275  0.827089
9.246  0.827202
9.24925  0.827316
9.2525  0.82743
9.25575  0.827544
9.259  0.827657
9.26225  0.827771
9.2655  0.827884
9.26875  0.827997
9.272  0.82811
9.27525  0.828223
9.2785  0.828336
9.28175  0.828449
9.285  0.828561
9.28825  0.828674
9.2915  0.828786
9.29475  0.828898
9.298  0.829011
9.30125  0.829123
9.3045  0.829235
9.30775  0.829347
9.311  0.829458
9.31425  0.82957
9.3175  0.829682
9.32075  0.829793
9.324  0.829904
9.32725  0.830016
9.3305  0.830127
9.33375  0.830238
9.337  0.830349
9.34025  0.83046
9.3435  0.83057
9.34675  0.830681
9.35  0.830791
9.35325  0.830902
9.3565  0.831012
9.35975  0.831122
9.363  0.831232
9.36625  0.831342
9.3695  0.831452
9.37275  0.831562
9.376  0.831672
9.37925  0.831781
9.3825  0.831891
9.38575  0.832
9.389  0.832109
9.39225  0.832218
9.3955  0.832327
9.39875  0.832436
9.402  0.832545
9.40525  0.832654
9.4085  0.832762
9.41175  0.832871
9.415  0.832979
9.41825  0.833088
9.4215  0.833196
9.42475  0.833304
9.428  0.833412
9.43125  0.83352
9.4345  0.833628
9.43775  0.833735
9.441  0.833843
9.44425  0.83395
9.4475  0.834058
9.45075  0.834165
9.454  0.834272
9.45725  0.834379
9.4605  0.834486
9.46375  0.834593
9.467  0.8347
9.47025  0.834807
9.4735  0.834913
9.47675  0.83502
9.48  0.835126
9.48325  0.835232
9.4865  0.835339
9.48975  0.835445
9.493  0.835551
9.49625  0.835657
9.4995  0.835762
9.50275  0.835868
9.506  0.835974
9.50925  0.836079
9.5125  0.836184
9.51575  0.83629
9.519  0.836395
9.52225  0.8365
9.5255  0.836605
9.52875  0.83671
9.532  0.836815
9.53525  0.836919
9.5385  0.837024
9.54175  0.837128
9.545  0.837233
9.54825  0.837337
9.5515  0.837441
9.55475  0.837545
9.558  0.837649
9.56125  0.837753
9.5645  0.837857
9.56775  0.837961
9.571  0.838064
9.57425  0.838168
9.5775  0.838271
9.58075  0.838375
9.584  0.838478
9.58725  0.838581
9.5905  0.838684
9.59375  0.838787
9.597  0.83889
9.60025  0.838993
9.6035  0.839095
9.60675  0.839198
9.61  0.8393
9.61325  0.839403
9.6165  0.839505
9.61975  0.839607
9.623  0.839709
9.62625  0.839811
9.6295  0.839913
9.63275  0.840015
9.636  0.840117
9.63925  0.840218
9.6425  0.84032
9.64575  0.840421
9.649  0.840522
9.65225  0.840624
9.6555  0.840725
9.65875  0.840826
9.662  0.840927
9.66525  0.841028
9.6685  0.841128
9.67175  0.841229
9.675  0.84133
9.67825  0.84143
9.6815  0.84153
9.68475  0.841631
9.688  0.841731
9.69125  0.841831
9.6945  0.841931
9.69775  0.842031
9.701  0.842131
9.70425  0.84223
9.7075  0.84233
9.71075  0.84243
9.714  0.842529
9.71725  0.842628
9.7205  0.842728
9.72375  0.842827
9.727  0.842926
9.73025  0.843025
9.7335  0.843124
9.73675  0.843223
9.74  0.843321
9.74325  0.84342
9.7465  0.843519
9.74975  0.843617
9.753  0.843715
9.75625  0.843814
9.7595  0.843912
9.76275  0.84401
9.766  0.844108
9.76925  0.844206
9.7725  0.844304
9.77575  0.844401
9.779  0.844499
9.78225  0.844597
9.7855  0.844694
9.78875  0.844791
9.792  0.844889
9.79525  0.844986
9.7985  0.845083
9.80175  0.84518
9.805  0.845277
9.80825  0.845374
9.8115  0.84547
9.81475  0.845567
9.818  0.845664
9.82125  0.84576
9.8245  0.845857
9.82775  0.845953
9.831  0.846049
9.83425  0.846145
9.8375  0.846241
9.84075  0.846337
9.844  0.846433
9.84725  0.846529
9.8505  0.846625
9.85375  0.84672
9.857  0.846816
9.86025  0.846911
9.8635  0.847006
9.86675  0.847102
9.87  0.847197
9.87325  0.847292
9.8765  0.847387
9.87975  0.847482
9.883  0.847577
9.88625  0.847671
9.8895  0.847766
9.89275  0.847861
9.896  0.847955
9.89925  0.848049
9.9025  0.848144
9.90575  0.848238
9.909  0.848332
9.91225  0.848426
9.9155  0.84852
9.91875  0.848614
9.922  0.848708
9.92525  0.848801
9.9285  0.848895
9.93175  0.848988
9.935  0.849082
9.93825  0.849175
9.9415  0.849269
9.94475  0.849362
9.948  0.849455
9.95125  0.849548
9.9545  0.849641
9.95775  0.849734
9.961  0.849826
9.96425  0.849919
9.9675  0.850012
9.97075  0.850104
9.974  0.850197
9.97725  0.850289
9.9805  0.850381
9.98375  0.850473
9.987  0.850566
9.99025  0.850658
9.9935  0.85075
9.99675  0.850841
