0.25  0.0465171
0.25325  0.0604601
0.2565  0.0710133
0.25975  0.0767506
0.263  0.0771831
0.26625  0.0726539
0.2695  0.0641336
0.27275  0.0529733
0.276  0.04066
0.27925  0.0286094
0.2825  0.0180107
0.28575  0.00973348
0.289  0.00428996
0.29225  0.00184432
0.2955  0.00225706
0.29875  0.00515052
0.302  0.00998413
0.30525  0.0161295
0.3085  0.0229384
0.31175  0.0297985
0.315  0.0361752
0.31825  0.0416393
0.3215  0.0458806
0.32475  0.0487104
0.328  0.0500547
0.33125  0.0499404
0.3345  0.0484782
0.33775  0.0458421
0.341  0.0422498
0.34425  0.0379437
0.3475  0.0331734
0.35075  0.0281822
0.354  0.0231951
0.35725  0.0184109
0.3605  0.0139961
0.36375  0.0100825
0.367  0.00676631
0.37025  0.00410889
0.3735  0.00213953
0.37675  0.000858764
0.38  0.000242415
0.38325  0.000246051
0.3865  0.000809465
0.38975  0.00186104
0.393  0.0033218
0.39625  0.00510914
0.3995  0.00713998
0.40275  0.0093335
0.406  0.0116133
0.40925  0.0139092
0.4125  0.0161583
0.41575  0.0183058
0.419  0.0203058
0.42225  0.0221209
0.4255  0.0237221
0.42875  0.0250888
0.432  0.0262079
0.43525  0.0270733
0.4385  0.027685
0.44175  0.0280485
0.445  0.0281738
0.44825  0.0280747
0.4515  0.0277679
0.45475  0.0272725
0.458  0.0266091
0.46125  0.0257994
0.4645  0.0248653
0.46775  0.0238289
0.471  0.0227117
0.47425  0.0215344
0.4775  0.0203166
0.48075  0.0190766
0.484  0.0178315
0.48725  0.0165964
0.4905  0.0153852
0.49375  0.0142097
0.497  0.0130805
0.50025  0.0120063
0.5035  0.0109943
0.50675  0.0100501
0.51  0.00917806
0.51325  0.00838123
0.5165  0.00766139
0.51975  0.00701926
0.523  0.00645462
0.52625  0.00596635
0.5295  0.00555264
0.53275  0.00521102
0.536  0.00493847
0.53925  0.00473158
0.5425  0.00458655
0.54575  0.00449934
0.549  0.00446574
0.55225  0.00448139
0.5555  0.00454192
0.55875  0.00464293
0.562  0.00478008
0.56525  0.00494914
0.5685  0.00514598
0.57175  0.00536665
0.575  0.00560736
0.57825  0.00586456
0.5815  0.00613487
0.58475  0.00641516
0.588  0.00670253
0.59125  0.00699432
0.5945  0.0072881
0.59775  0.00758167
0.601  0.00787306
0.60425  0.00816052
0.6075  0.00844255
0.61075  0.0087178
0.614  0.00898515
0.61725  0.00924367
0.6205  0.00949258
0.62375  0.00973129
0.627  0.00995933
0.63025  0.0101764
0.6335  0.0103823
0.63675  0.0105769
0.64  0.0107603
0.64325  0.0109326
0.6465  0.011094
0.64975  0.0112448
0.653  0.0113853
0.65625  0.0115158
0.6595  0.0116368
0.66275  0.0117488
0.666  0.0118522
0.66925  0.0119475
0.6725  0.0120354
0.67575  0.0121162
0.679  0.0121906
0.68225  0.012259
0.6855  0.012322
0.68875  0.0123801
0.692  0.0124338
0.69525  0.0124836
0.6985  0.01253
0.70175  0.0125733
0.705  0.0126141
0.70825  0.0126527
0.7115  0.0126896
0.71475  0.012725
0.718  0.0127593
0.72125  0.0127927
0.7245  0.0128257
0.72775  0.0128583
0.731  0.0128909
0.73425  0.0129237
0.7375  0.0129567
0.74075  0.0129902
0.744  0.0130243
0.74725  0.0130591
0.7505  0.0130946
0.75375  0.013131
0.757  0.0131683
0.76025  0.0132064
0.7635  0.0132455
0.76675  0.0132855
0.77  0.0133263
0.77325  0.0133679
0.7765  0.0134104
0.77975  0.0134536
0.783  0.0134974
0.78625  0.0135417
0.7895  0.0135866
0.79275  0.0136318
0.796  0.0136772
0.79925  0.0137229
0.8025  0.0137685
0.80575  0.0138141
0.809  0.0138594
0.81225  0.0139044
0.8155  0.013949
0.81875  0.0139929
0.822  0.0140361
0.82525  0.0140785
0.8285  0.0141198
0.83175  0.0141601
0.835  0.0141991
0.83825  0.0142367
0.8415  0.0142729
0.84475  0.0143075
0.848  0.0143403
0.85125  0.0143713
0.8545  0.0144004
0.85775  0.0144275
0.861  0.0144524
0.86425  0.014475
0.8675  0.0144954
0.87075  0.0145134
0.874  0.0145289
0.87725  0.0145418
0.8805  0.0145521
0.88375  0.0145597
0.887  0.0145646
0.89025  0.0145667
0.8935  0.0145659
0.89675  0.0145623
0.9  0.0145557
0.90325  0.0145462
0.9065  0.0145336
0.90975  0.0145181
0.913  0.0144996
0.91625  0.014478
0.9195  0.0144534
0.92275  0.0144257
0.926  0.014395
0.92925  0.0143612
0.9325  0.0143245
0.93575  0.0142847
0.939  0.0142419
0.94225  0.0141961
0.9455  0.0141474
0.94875  0.0140957
0.952  0.0140412
0.95525  0.0139838
0.9585  0.0139236
0.96175  0.0138606
0.965  0.0137948
0.96825  0.0137264
0.9715  0.0136554
0.97475  0.0135817
0.978  0.0135055
0.98125  0.0134269
0.9845  0.0133458
0.98775  0.0132624
0.991  0.0131767
0.99425  0.0130887
0.9975  0.0129985
1.00075  0.0129063
1.004  0.012812
1.00725  0.0127157
1.0105  0.0126175
1.01375  0.0125175
1.017  0.0124157
1.02025  0.0123122
1.0235  0.0122071
1.02675  0.0121004
1.03  0.0119922
1.03325  0.0118826
1.0365  0.0117717
1.03975  0.0116595
1.043  0.0115461
1.04625  0.0114316
1.0495  0.011316
1.05275  0.0111994
1.056  0.0110819
1.05925  0.0109636
1.0625  0.0108445
1.06575  0.0107246
1.069  0.0106042
1.07225  0.0104831
1.0755  0.0103616
1.07875  0.0102396
1.082  0.0101173
1.08525  0.00999459
1.0885  0.00987168
1.09175  0.00974859
1.095  0.00962538
1.09825  0.00950211
1.1015  0.00937884
1.10475  0.00925564
1.108  0.00913255
1.11125  0.00900965
1.1145  0.00888697
1.11775  0.00876458
1.121  0.00864253
1.12425  0.00852088
1.1275  0.00839967
1.13075  0.00827895
1.134  0.00815878
1.13725  0.0080392
1.1405  0.00792027
1.14375  0.00780201
1.147  0.00768449
1.15025  0.00756774
1.1535  0.0074518
1.15675  0.00733672
1.16  0.00722254
1.16325  0.00710928
1.1665  0.006997
1.16975  0.00688573
1.173  0.0067755
1.17625  0.00666635
1.1795  0.00655831
1.18275  0.0064514
1.186  0.00634567
1.18925  0.00624114
1.1925  0.00613784
1.19575  0.0060358
1.199  0.00593504
1.20225  0.00583558
1.2055  0.00573746
1.20875  0.00564069
1.212  0.0055453
1.21525  0.00545131
1.2185  0.00535873
1.22175  0.00526759
1.225  0.0051779
1.22825  0.00508968
1.2315  0.00500295
1.23475  0.00491773
1.238  0.00483401
1.24125  0.00475183
1.2445  0.00467119
1.24775  0.0045921
1.251  0.00451458
1.25425  0.00443863
1.2575  0.00436427
1.26075  0.00429149
1.264  0.00422031
1.26725  0.00415074
1.2705  0.00408278
1.27375  0.00401644
1.277  0.00395172
1.28025  0.00388862
1.2835  0.00382715
1.28675  0.00376731
1.29  0.0037091
1.29325  0.00365253
1.2965  0.00359759
1.29975  0.00354428
1.303  0.00349261
1.30625  0.00344257
1.3095  0.00339416
1.31275  0.00334738
1.316  0.00330222
1.31925  0.00325869
1.3225  0.00321677
1.32575  0.00317647
1.329  0.00313777
1.33225  0.00310069
1.3355  0.00306519
1.33875  0.00303129
1.342  0.00299898
1.34525  0.00296825
1.3485  0.00293908
1.35175  0.00291148
1.355  0.00288544
1.35825  0.00286094
1.3615  0.00283798
1.36475  0.00281656
1.368  0.00279665
1.37125  0.00277825
1.3745  0.00276136
1.37775  0.00274596
1.381  0.00273203
1.38425  0.00271958
1.3875  0.00270858
1.39075  0.00269904
1.394  0.00269093
1.39725  0.00268424
1.4005  0.00267897
1.40375  0.0026751
1.407  0.00267261
1.41025  0.00267151
1.4135  0.00267177
1.41675  0.00267337
1.42  0.00267632
1.42325  0.0026806
1.4265  0.00268618
1.42975  0.00269307
1.433  0.00270124
1.43625  0.00271069
1.4395  0.00272139
1.44275  0.00273334
1.446  0.00274652
1.44925  0.00276092
1.4525  0.00277653
1.45575  0.00279332
1.459  0.0028113
1.46225  0.00283043
1.4655  0.00285071
1.46875  0.00287213
1.472  0.00289467
1.47525  0.00291831
1.4785  0.00294305
1.48175  0.00296887
1.485  0.00299575
1.48825  0.00302367
1.4915  0.00305264
1.49475  0.00308262
1.498  0.00311361
1.50125  0.0031456
1.5045  0.00317856
1.50775  0.00321249
1.511  0.00324737
1.51425  0.00328318
1.5175  0.00331992
1.52075  0.00335756
1.524  0.0033961
1.52725  0.00343552
1.5305  0.00347581
1.53375  0.00351695
1.537  0.00355893
1.54025  0.00360173
1.5435  0.00364534
1.54675  0.00368975
1.55  0.00373495
1.55325  0.00378091
1.5565  0.00382764
1.55975  0.0038751
1.563  0.0039233
1.56625  0.00397222
1.5695  0.00402184
1.57275  0.00407215
1.576  0.00412313
1.57925  0.00417479
1.5825  0.00422709
1.58575  0.00428004
1.589  0.00433361
1.59225  0.0043878
1.5955  0.00444258
1.59875  0.00449796
1.602  0.00455392
1.60525  0.00461044
1.6085  0.00466751
1.61175  0.00472512
1.615  0.00478327
1.61825  0.00484193
1.6215  0.00490109
1.62475  0.00496075
1.628  0.00502089
1.63125  0.00508151
1.6345  0.00514258
1.63775  0.0052041
1.641  0.00526606
1.64425  0.00532844
1.6475  0.00539124
1.65075  0.00545444
1.654  0.00551804
1.65725  0.00558202
1.6605  0.00564637
1.66375  0.00571109
1.667  0.00577616
1.67025  0.00584156
1.6735  0.00590731
1.67675  0.00597337
1.68  0.00603974
1.68325  0.00610642
1.6865  0.00617339
1.68975  0.00624064
1.693  0.00630816
1.69625  0.00637595
1.6995  0.006444
1.70275  0.00651229
1.706  0.00658081
1.70925  0.00664957
1.7125  0.00671854
1.71575  0.00678772
1.719  0.00685711
1.72225  0.00692668
1.7255  0.00699644
1.72875  0.00706638
1.732  0.00713649
1.73525  0.00720676
1.7385  0.00727717
1.74175  0.00734774
1.745  0.00741843
1.74825  0.00748926
1.7515  0.00756021
1.75475  0.00763127
1.758  0.00770244
1.76125  0.0077737
1.7645  0.00784506
1.76775  0.0079165
1.771  0.00798802
1.77425  0.00805961
1.7775  0.00813126
1.78075  0.00820297
1.784  0.00827472
1.78725  0.00834653
1.7905  0.00841837
1.79375  0.00849024
1.797  0.00856213
1.80025  0.00863404
1.8035  0.00870597
1.80675  0.0087779
1.81  0.00884983
1.81325  0.00892175
1.8165  0.00899367
1.81975  0.00906556
1.823  0.00913743
1.82625  0.00920928
1.8295  0.00928109
1.83275  0.00935286
1.836  0.00942459
1.83925  0.00949627
1.8425  0.00956789
1.84575  0.00963946
1.849  0.00971096
1.85225  0.00978239
1.8555  0.00985374
1.85875  0.00992502
1.862  0.00999622
1.86525  0.0100673
1.8685  0.0101383
1.87175  0.0102093
1.875  0.0102801
1.87825  0.0103508
1.8815  0.0104214
1.88475  0.0104919
1.888  0.0105622
1.89125  0.0106325
1.8945  0.0107026
1.89775  0.0107726
1.901  0.0108425
1.90425  0.0109122
1.9075  0.0109818
1.91075  0.0110512
1.914  0.0111205
1.91725  0.0111896
1.9205  0.0112586
1.92375  0.0113275
1.927  0.0113961
1.93025  0.0114646
1.9335  0.011533
1.93675  0.0116011
1.94  0.0116691
1.94325  0.0117369
1.9465  0.0118046
1.94975  0.011872
1.953  0.0119393
1.95625  0.0120064
1.9595  0.0120733
1.96275  0.01214
1.966  0.0122065
1.96925  0.0122728
1.9725  0.0123389
1.97575  0.0124048
1.979  0.0124706
1.98225  0.012536
1.9855  0.0126013
1.98875  0.0126664
1.992  0.0127313
1.99525  0.0127959
1.9985  0.0128604
2.00175  0.0129246
2.005  0.0129886
2.00825  0.0130523
2.0115  0.0131159
2.01475  0.0131792
2.018  0.0132423
2.02125  0.0133052
2.0245  0.0133678
2.02775  0.0134302
2.031  0.0134923
2.03425  0.0135543
2.0375  0.013616
2.04075  0.0136774
2.044  0.0137386
2.04725  0.0137996
2.0505  0.0138603
2.05375  0.0139208
2.057  0.013981
2.06025  0.014041
2.0635  0.0141007
2.06675  0.0141602
2.07  0.0142194
2.07325  0.0142784
2.0765  0.0143371
2.07975  0.0143956
2.083  0.0144538
2.08625  0.0145118
2.0895  0.0145695
2.09275  0.0146269
2.096  0.0146841
2.09925  0.0147411
2.1025  0.0147977
2.10575  0.0148542
2.109  0.0149103
2.11225  0.0149662
2.1155  0.0150218
2.11875  0.0150772
2.122  0.0151323
2.12525  0.0151871
2.1285  0.0152417
2.13175  0.015296
2.135  0.01535
2.13825  0.0154038
2.1415  0.0154573
2.14475  0.0155106
2.148  0.0155635
2.15125  0.0156162
2.1545  0.0156687
2.15775  0.0157208
2.161  0.0157727
2.16425  0.0158244
2.1675  0.0158757
2.17075  0.0159268
2.174  0.0159777
2.17725  0.0160282
2.1805  0.0160785
2.18375  0.0161285
2.187  0.0161782
2.19025  0.0162277
2.1935  0.0162769
2.19675  0.0163259
2.2  0.0163745
2.20325  0.0164229
2.2065  0.016471
2.20975  0.0165189
2.213  0.0165665
2.21625  0.0166138
2.2195  0.0166608
2.22275  0.0167076
2.226  0.0167541
2.22925  0.0168003
2.2325  0.0168463
2.23575  0.016892
2.239  0.0169374
2.24225  0.0169826
2.2455  0.0170274
2.24875  0.0170721
2.252  0.0171164
2.25525  0.0171605
2.2585  0.0172043
2.26175  0.0172479
2.265  0.0172911
2.26825  0.0173342
2.2715  0.0173769
2.27475  0.0174194
2.278  0.0174616
2.28125  0.0175036
2.2845  0.0175452
2.28775  0.0175867
2.291  0.0176278
2.29425  0.0176687
2.2975  0.0177094
2.30075  0.0177497
2.304  0.0177898
2.30725  0.0178297
2.3105  0.0178693
2.31375  0.0179086
2.317  0.0179476
2.32025  0.0179864
2.3235  0.018025
2.32675  0.0180633
2.33  0.0181013
2.33325  0.0181391
2.3365  0.0181766
2.33975  0.0182138
2.343  0.0182508
2.34625  0.0182876
2.3495  0.0183241
2.35275  0.0183603
2.356  0.0183963
2.35925  0.018432
2.3625  0.0184675
2.36575  0.0185027
2.369  0.0185377
2.37225  0.0185724
2.3755  0.0186069
2.37875  0.0186411
2.382  0.0186751
2.38525  0.0187089
2.3885  0.0187423
2.39175  0.0187756
2.395  0.0188086
2.39825  0.0188413
2.4015  0.0188738
2.40475  0.0189061
2.408  0.0189381
2.41125  0.0189699
2.4145  0.0190014
2.41775  0.0190327
2.421  0.0190637
2.42425  0.0190946
2.4275  0.0191251
2.43075  0.0191555
2.434  0.0191856
2.43725  0.0192154
2.4405  0.0192451
2.44375  0.0192745
2.447  0.0193036
2.45025  0.0193325
2.4535  0.0193612
2.45675  0.0193897
2.46  0.0194179
2.46325  0.0194459
2.4665  0.0194737
2.46975  0.0195012
2.473  0.0195286
2.47625  0.0195556
2.4795  0.0195825
2.48275  0.0196091
2.486  0.0196356
2.48925  0.0196618
2.4925  0.0196877
2.49575  0.0197135
2.499  0.019739
2.50225  0.0197643
2.5055  0.0197894
2.50875  0.0198142
2.512  0.0198389
2.51525  0.0198633
2.5185  0.0198875
2.52175  0.0199115
2.525  0.0199353
2.52825  0.0199589
2.5315  0.0199822
2.53475  0.0200054
2.538  0.0200283
2.54125  0.020051
2.5445  0.0200735
2.54775  0.0200958
2.551  0.0201179
2.55425  0.0201398
2.5575  0.0201615
2.56075  0.020183
2.564  0.0202042
2.56725  0.0202253
2.5705  0.0202462
2.57375  0.0202668
2.577  0.0202873
2.58025  0.0203076
2.5835  0.0203276
2.58675  0.0203475
2.59  0.0203671
2.59325  0.0203866
2.5965  0.0204059
2.59975  0.0204249
2.603  0.0204438
2.60625  0.0204625
2.6095  0.020481
2.61275  0.0204993
2.616  0.0205174
2.61925  0.0205353
2.6225  0.020553
2.62575  0.0205706
2.629  0.0205879
2.63225  0.0206051
2.6355  0.0206221
2.63875  0.0206389
2.642  0.0206555
2.64525  0.0206719
2.6485  0.0206881
2.65175  0.0207042
2.655  0.02072
2.65825  0.0207357
2.6615  0.0207513
2.66475  0.0207666
2.668  0.0207817
2.67125  0.0207967
2.6745  0.0208115
2.67775  0.0208261
2.681  0.0208406
2.68425  0.0208549
2.6875  0.020869
2.69075  0.0208829
2.694  0.0208967
2.69725  0.0209103
2.7005  0.0209237
2.70375  0.0209369
2.707  0.02095
2.71025  0.0209629
2.7135  0.0209757
2.71675  0.0209882
2.72  0.0210007
2.72325  0.0210129
2.7265  0.021025
2.72975  0.0210369
2.733  0.0210487
2.73625  0.0210603
2.7395  0.0210717
2.74275  0.021083
2.746  0.0210941
2.74925  0.0211051
2.7525  0.0211159
2.75575  0.0211265
2.759  0.021137
2.76225  0.0211474
2.7655  0.0211575
2.76875  0.0211676
2.772  0.0211775
2.77525  0.0211872
2.7785  0.0211968
2.78175  0.0212062
2.785  0.0212154
2.78825  0.0212246
2.7915  0.0212335
2.79475  0.0212424
2.798  0.0212511
2.80125  0.0212596
2.8045  0.021268
2.80775  0.0212762
2.811  0.0212843
2.81425  0.0212923
2.8175  0.0213001
2.82075  0.0213078
2.824  0.0213153
2.82725  0.0213227
2.8305  0.02133
2.83375  0.0213371
2.837  0.0213441
2.84025  0.0213509
2.8435  0.0213576
2.84675  0.0213642
2.85  0.0213706
2.85325  0.0213769
2.8565  0.0213831
2.85975  0.0213891
2.863  0.021395
2.86625  0.0214008
2.8695  0.0214064
2.87275  0.0214119
2.876  0.0214173
2.87925  0.0214225
2.8825  0.0214277
2.88575  0.0214327
2.889  0.0214375
2.89225  0.0214423
2.8955  0.0214469
2.89875  0.0214514
2.902  0.0214557
2.90525  0.02146
2.9085  0.0214641
2.91175  0.0214681
2.915  0.021472
2.91825  0.0214757
2.9215  0.0214794
2.92475  0.0214829
2.928  0.0214863
2.93125  0.0214896
2.9345  0.0214927
2.93775  0.0214958
2.941  0.0214987
2.94425  0.0215015
2.9475  0.0215042
2.95075  0.0215068
2.954  0.0215093
2.95725  0.0215117
2.9605  0.0215139
2.96375  0.0215161
2.967  0.0215181
2.97025  0.02152
2.9735  0.0215218
2.97675  0.0215235
2.98  0.0215251
2.98325  0.0215266
2.9865  0.021528
2.98975  0.0215292
2.993  0.0215304
2.99625  0.0215315
2.9995  0.0215324
3.00275  0.0215333
3.006  0.021534
3.00925  0.0215346
3.0125  0.0215352
3.01575  0.0215356
3.019  0.021536
3.02225  0.0215362
3.0255  0.0215363
3.02875  0.0215364
3.032  0.0215363
3.03525  0.0215361
3.0385  0.0215359
3.04175  0.0215355
3.045  0.0215351
3.04825  0.0215345
3.0515  0.0215339
3.05475  0.0215331
3.058  0.0215323
3.06125  0.0215314
3.0645  0.0215304
3.06775  0.0215293
3.071  0.0215281
3.07425  0.0215268
3.0775  0.0215254
3.08075  0.0215239
3.084  0.0215223
3.08725  0.0215207
3.0905  0.0215189
3.09375  0.0215171
3.097  0.0215152
3.10025  0.0215132
3.1035  0.0215111
3.10675  0.0215089
3.11  0.0215066
3.11325  0.0215043
3.1165  0.0215018
3.11975  0.0214993
3.123  0.0214967
3.12625  0.021494
3.1295  0.0214912
3.13275  0.0214884
3.136  0.0214855
3.13925  0.0214824
3.1425  0.0214793
3.14575  0.0214762
3.149  0.0214729
3.15225  0.0214696
3.1555  0.0214662
3.15875  0.0214627
3.162  0.0214591
3.16525  0.0214555
3.1685  0.0214517
3.17175  0.0214479
3.175  0.0214441
3.17825  0.0214401
3.1815  0.0214361
3.18475  0.021432
3.188  0.0214278
3.19125  0.0214236
3.1945  0.0214193
3.19775  0.0214149
3.201  0.0214104
3.20425  0.0214059
3.2075  0.0214013
3.21075  0.0213966
3.214  0.0213918
3.21725  0.021387
3.2205  0.0213821
3.22375  0.0213772
3.227  0.0213722
3.23025  0.0213671
3.2335  0.0213619
3.23675  0.0213567
3.24  0.0213514
3.24325  0.021346
3.2465  0.0213406
3.24975  0.0213351
3.253  0.0213296
3.25625  0.021324
3.2595  0.0213183
3.26275  0.0213125
3.266  0.0213067
3.26925  0.0213008
3.2725  0.0212949
3.27575  0.0212889
3.279  0.0212829
3.28225  0.0212767
3.2855  0.0212706
3.28875  0.0212643
3.292  0.021258
3.29525  0.0212517
3.2985  0.0212452
3.30175  0.0212388
3.305  0.0212322
3.30825  0.0212256
3.3115  0.021219
3.31475  0.0212123
3.318  0.0212055
3.32125  0.0211987
3.3245  0.0211918
3.32775  0.0211849
3.331  0.0211779
3.33425  0.0211708
3.3375  0.0211637
3.34075  0.0211566
3.344  0.0211494
3.34725  0.0211421
3.3505  0.0211348
3.35375  0.0211274
3.357  0.02112
3.36025  0.0211125
3.3635  0.021105
3.36675  0.0210974
3.37  0.0210898
3.37325  0.0210821
3.3765  0.0210744
3.37975  0.0210666
3.383  0.0210588
3.38625  0.0210509
3.3895  0.021043
3.39275  0.0210351
3.396  0.021027
3.39925  0.021019
3.4025  0.0210109
3.40575  0.0210027
3.409  0.0209945
3.41225  0.0209862
3.4155  0.0209779
3.41875  0.0209696
3.422  0.0209612
3.42525  0.0209527
3.4285  0.0209443
3.43175  0.0209357
3.435  0.0209272
3.43825  0.0209186
3.4415  0.0209099
3.44475  0.0209012
3.448  0.0208924
3.45125  0.0208837
3.4545  0.0208748
3.45775  0.020866
3.461  0.020857
3.46425  0.0208481
3.4675  0.0208391
3.47075  0.0208301
3.474  0.020821
3.47725  0.0208119
3.4805  0.0208027
3.48375  0.0207935
3.487  0.0207843
3.49025  0.020775
3.4935  0.0207657
3.49675  0.0207563
3.5  0.020747
3.50325  0.0207375
3.5065  0.0207281
3.50975  0.0207186
3.513  0.020709
3.51625  0.0206994
3.5195  0.0206898
3.52275  0.0206802
3.526  0.0206705
3.52925  0.0206608
3.5325  0.020651
3.53575  0.0206412
3.539  0.0206314
3.54225  0.0206216
3.5455  0.0206117
3.54875  0.0206017
3.552  0.0205918
3.55525  0.0205818
3.5585  0.0205717
3.56175  0.0205617
3.565  0.0205516
3.56825  0.0205415
3.5715  0.0205313
3.57475  0.0205211
3.578  0.0205109
3.58125  0.0205007
3.5845  0.0204904
3.58775  0.0204801
3.591  0.0204697
3.59425  0.0204593
3.5975  0.0204489
3.60075  0.0204385
3.604  0.020428
3.60725  0.0204175
3.6105  0.020407
3.61375  0.0203965
3.617  0.0203859
3.62025  0.0203753
3.6235  0.0203646
3.62675  0.020354
3.63  0.0203433
3.63325  0.0203326
3.6365  0.0203218
3.63975  0.020311
3.643  0.0203002
3.64625  0.0202894
3.6495  0.0202786
3.65275  0.0202677
3.656  0.0202568
3.65925  0.0202458
3.6625  0.0202349
3.66575  0.0202239
3.669  0.0202129
3.67225  0.0202019
3.6755  0.0201908
3.67875  0.0201797
3.682  0.0201686
3.68525  0.0201575
3.6885  0.0201463
3.69175  0.0201352
3.695  0.020124
3.69825  0.0201127
3.7015  0.0201015
3.70475  0.0200902
3.708  0.0200789
3.71125  0.0200676
3.7145  0.0200563
3.71775  0.0200449
3.721  0.0200335
3.72425  0.0200221
3.7275  0.0200107
3.73075  0.0199993
3.734  0.0199878
3.73725  0.0199763
3.7405  0.0199648
3.74375  0.0199533
3.747  0.0199418
3.75025  0.0199302
3.7535  0.0199186
3.75675  0.019907
3.76  0.0198954
3.76325  0.0198837
3.7665  0.0198721
3.76975  0.0198604
3.773  0.0198487
3.77625  0.019837
3.7795  0.0198252
3.78275  0.0198135
3.786  0.0198017
3.78925  0.0197899
3.7925  0.0197781
3.79575  0.0197663
3.799  0.0197544
3.80225  0.0197426
3.8055  0.0197307
3.80875  0.0197188
3.812  0.0197069
3.81525  0.019695
3.8185  0.019683
3.82175  0.0196711
3.825  0.0196591
3.82825  0.0196471
3.8315  0.0196351
3.83475  0.0196231
3.838  0.0196111
3.84125  0.019599
3.8445  0.019587
3.84775  0.0195749
3.851  0.0195628
3.85425  0.0195507
3.8575  0.0195386
3.86075  0.0195264
3.864  0.0195143
3.86725  0.0195021
3.8705  0.0194899
3.87375  0.0194777
3.877  0.0194655
3.88025  0.0194533
3.8835  0.0194411
3.88675  0.0194288
3.89  0.0194166
3.89325  0.0194043
3.8965  0.019392
3.89975  0.0193797
3.903  0.0193674
3.90625  0.0193551
3.9095  0.0193428
3.91275  0.0193304
3.916  0.0193181
3.91925  0.0193057
3.9225  0.0192934
3.92575  0.019281
3.929  0.0192686
3.93225  0.0192562
3.9355  0.0192437
3.93875  0.0192313
3.942  0.0192189
3.94525  0.0192064
3.9485  0.019194
3.95175  0.0191815
3.955  0.019169
3.95825  0.0191565
3.9615  0.019144
3.96475  0.0191315
3.968  0.019119
3.97125  0.0191065
3.9745  0.0190939
3.97775  0.0190814
3.981  0.0190688
3.98425  0.0190563
3.9875  0.0190437
3.99075  0.0190311
3.994  0.0190185
3.99725  0.0190059
4.0005  0.0189933
4.00375  0.0189807
4.007  0.0189681
4.01025  0.0189555
4.0135  0.0189428
4.01675  0.0189302
4.02  0.0189176
4.02325  0.0189049
4.0265  0.0188922
4.02975  0.0188796
4.033  0.0188669
4.03625  0.0188542
4.0395  0.0188415
4.04275  0.0188288
4.046  0.0188161
4.04925  0.0188034
4.0525  0.0187907
4.05575  0.0187779
4.059  0.0187652
4.06225  0.0187525
4.0655  0.0187397
4.06875  0.018727
4.072  0.0187142
4.07525  0.0187015
4.0785  0.0186887
4.08175  0.0186759
4.085  0.0186632
4.08825  0.0186504
4.0915  0.0186376
4.09475  0.0186248
4.098  0.018612
4.10125  0.0185992
4.1045  0.0185864
4.10775  0.0185736
4.111  0.0185608
4.11425  0.018548
4.1175  0.0185352
4.12075  0.0185223
4.124  0.0185095
4.12725  0.0184967
4.1305  0.0184838
4.13375  0.018471
4.137  0.0184582
4.14025  0.0184453
4.1435  0.0184325
4.14675  0.0184196
4.15  0.0184067
4.15325  0.0183939
4.1565  0.018381
4.15975  0.0183682
4.163  0.0183553
4.16625  0.0183424
4.1695  0.0183295
4.17275  0.0183167
4.176  0.0183038
4.17925  0.0182909
4.1825  0.018278
4.18575  0.0182651
4.189  0.0182522
4.19225  0.0182393
4.1955  0.0182265
4.19875  0.0182136
4.202  0.0182007
4.20525  0.0181878
4.2085  0.0181749
4.21175  0.018162
4.215  0.0181491
4.21825  0.0181362
4.2215  0.0181233
4.22475  0.0181103
4.228  0.0180974
4.23125  0.0180845
4.2345  0.0180716
4.23775  0.0180587
4.241  0.0180458
4.24425  0.0180329
4.2475  0.01802
4.25075  0.0180071
4.254  0.0179941
4.25725  0.0179812
4.2605  0.0179683
4.26375  0.0179554
4.267  0.0179425
4.27025  0.0179296
4.2735  0.0179166
4.27675  0.0179037
4.28  0.0178908
4.28325  0.0178779
4.2865  0.017865
4.28975  0.0178521
4.293  0.0178391
4.29625  0.0178262
4.2995  0.0178133
4.30275  0.0178004
4.306  0.0177875
4.30925  0.0177746
4.3125  0.0177617
4.31575  0.0177488
4.319  0.0177358
4.32225  0.0177229
4.3255  0.01771
4.32875  0.0176971
4.332  0.0176842
4.33525  0.0176713
4.3385  0.0176584
4.34175  0.0176455
4.345  0.0176326
4.34825  0.0176197
4.3515  0.0176068
4.35475  0.0175939
4.358  0.017581
4.36125  0.0175681
4.3645  0.0175552
4.36775  0.0175423
4.371  0.0175295
4.37425  0.0175166
4.3775  0.0175037
4.38075  0.0174908
4.384  0.0174779
4.38725  0.0174651
4.3905  0.0174522
4.39375  0.0174393
4.397  0.0174264
4.40025  0.0174136
4.4035  0.0174007
4.40675  0.0173878
4.41  0.017375
4.41325  0.0173621
4.4165  0.0173493
4.41975  0.0173364
4.423  0.0173236
4.42625  0.0173107
4.4295  0.0172979
4.43275  0.017285
4.436  0.0172722
4.43925  0.0172594
4.4425  0.0172465
4.44575  0.0172337
4.449  0.0172209
4.45225  0.0172081
4.4555  0.0171952
4.45875  0.0171824
4.462  0.0171696
4.46525  0.0171568
4.4685  0.017144
4.47175  0.0171312
4.475  0.0171184
4.47825  0.0171056
4.4815  0.0170928
4.48475  0.01708
4.488  0.0170673
4.49125  0.0170545
4.4945  0.0170417
4.49775  0.0170289
4.501  0.0170162
4.50425  0.0170034
4.5075  0.0169906
4.51075  0.0169779
4.514  0.0169651
4.51725  0.0169524
4.5205  0.0169396
4.52375  0.0169269
4.527  0.0169142
4.53025  0.0169015
4.5335  0.0168887
4.53675  0.016876
4.54  0.0168633
4.54325  0.0168506
4.5465  0.0168379
4.54975  0.0168252
4.553  0.0168125
4.55625  0.0167998
4.5595  0.0167871
4.56275  0.0167744
4.566  0.0167617
4.56925  0.0167491
4.5725  0.0167364
4.57575  0.0167237
4.579  0.0167111
4.58225  0.0166984
4.5855  0.0166858
4.58875  0.0166731
4.592  0.0166605
4.59525  0.0166479
4.5985  0.0166352
4.60175  0.0166226
4.605  0.01661
4.60825  0.0165974
4.6115  0.0165848
4.61475  0.0165722
4.618  0.0165596
4.62125  0.016547
4.6245  0.0165344
4.62775  0.0165218
4.631  0.0165093
4.63425  0.0164967
4.6375  0.0164841
4.64075  0.0164716
4.644  0.016459
4.64725  0.0164465
4.6505  0.0164339
4.65375  0.0164214
4.657  0.0164089
4.66025  0.0163964
4.6635  0.0163838
4.66675  0.0163713
4.67  0.0163588
4.67325  0.0163463
4.6765  0.0163338
4.67975  0.0163214
4.683  0.0163089
4.68625  0.0162964
4.6895  0.0162839
4.69275  0.0162715
4.696  0.016259
4.69925  0.0162466
4.7025  0.0162341
4.70575  0.0162217
4.709  0.0162093
4.71225  0.0161969
4.7155  0.0161844
4.71875  0.016172
4.722  0.0161596
4.72525  0.0161472
4.7285  0.0161348
4.73175  0.0161225
4.735  0.0161101
4.73825  0.0160977
4.7415  0.0160853
4.74475  0.016073
4.748  0.0160606
4.75125  0.0160483
4.7545  0.016036
4.75775  0.0160236
4.761  0.0160113
4.76425  0.015999
4.7675  0.0159867
4.77075  0.0159744
4.774  0.0159621
4.77725  0.0159498
4.7805  0.0159375
4.78375  0.0159252
4.787  0.015913
4.79025  0.0159007
4.7935  0.0158884
4.79675  0.0158762
4.8  0.015864
4.80325  0.0158517
4.8065  0.0158395
4.80975  0.0158273
4.813  0.0158151
4.81625  0.0158029
4.8195  0.0157907
4.82275  0.0157785
4.826  0.0157663
4.82925  0.0157541
4.8325  0.0157419
4.83575  0.0157298
4.839  0.0157176
4.84225  0.0157055
4.8455  0.0156933
4.84875  0.0156812
4.852  0.0156691
4.85525  0.015657
4.8585  0.0156449
4.86175  0.0156328
4.865  0.0156207
4.86825  0.0156086
4.8715  0.0155965
4.87475  0.0155844
4.878  0.0155724
4.88125  0.0155603
4.8845  0.0155483
4.88775  0.0155362
4.891  0.0155242
4.89425  0.0155122
4.8975  0.0155001
4.90075  0.0154881
4.904  0.0154761
4.90725  0.0154641
4.9105  0.0154521
4.91375  0.0154402
4.917  0.0154282
4.92025  0.0154162
4.9235  0.0154043
4.92675  0.0153923
4.93  0.0153804
4.93325  0.0153684
4.9365  0.0153565
4.93975  0.0153446
4.943  0.0153327
4.94625  0.0153208
4.9495  0.0153089
4.95275  0.015297
4.956  0.0152851
4.95925  0.0152733
4.9625  0.0152614
4.96575  0.0152495
4.969  0.0152377
4.97225  0.0152259
4.9755  0.015214
4.97875  0.0152022
4.982  0.0151904
4.98525  0.0151786
4.9885  0.0151668
4.99175  0.015155
4.995  0.0151432
4.99825  0.0151315
5.0015  0.0151197
5.00475  0.0151079
5.008  0.0150962
5.01125  0.0150844
5.0145  0.0150727
5.01775  0.015061
5.021  0.0150493
5.02425  0.0150376
5.0275  0.0150259
5.03075  0.0150142
5.034  0.0150025
5.03725  0.0149908
5.0405  0.0149792
5.04375  0.0149675
5.047  0.0149558
5.05025  0.0149442
5.0535  0.0149326
5.05675  0.014921
5.06  0.0149093
5.06325  0.0148977
5.0665  0.0148861
5.06975  0.0148745
5.073  0.014863
5.07625  0.0148514
5.0795  0.0148398
5.08275  0.0148283
5.086  0.0148167
5.08925  0.0148052
5.0925  0.0147936
5.09575  0.0147821
5.099  0.0147706
5.10225  0.0147591
5.1055  0.0147476
5.10875  0.0147361
5.112  0.0147246
5.11525  0.0147132
5.1185  0.0147017
5.12175  0.0146902
5.125  0.0146788
5.12825  0.0146674
5.1315  0.0146559
5.13475  0.0146445
5.138  0.0146331
5.14125  0.0146217
5.1445  0.0146103
5.14775  0.0145989
5.151  0.0145875
5.15425  0.0145762
5.1575  0.0145648
5.16075  0.0145535
5.164  0.0145421
5.16725  0.0145308
5.1705  0.0145195
5.17375  0.0145081
5.177  0.0144968
5.18025  0.0144855
5.1835  0.0144742
5.18675  0.014463
5.19  0.0144517
5.19325  0.0144404
5.1965  0.0144292
5.19975  0.0144179
5.203  0.0144067
5.20625  0.0143955
5.2095  0.0143842
5.21275  0.014373
5.216  0.0143618
5.21925  0.0143506
5.2225  0.0143394
5.22575  0.0143283
5.229  0.0143171
5.23225  0.0143059
5.2355  0.0142948
5.23875  0.0142837
5.242  0.0142725
5.24525  0.0142614
5.2485  0.0142503
5.25175  0.0142392
5.255  0.0142281
5.25825  0.014217
5.2615  0.0142059
5.26475  0.0141948
5.268  0.0141838
5.27125  0.0141727
5.2745  0.0141617
5.27775  0.0141506
5.281  0.0141396
5.28425  0.0141286
5.2875  0.0141176
5.29075  0.0141066
5.294  0.0140956
5.29725  0.0140846
5.3005  0.0140736
5.30375  0.0140627
5.307  0.0140517
5.31025  0.0140408
5.3135  0.0140298
5.31675  0.0140189
5.32  0.014008
5.32325  0.0139971
5.3265  0.0139862
5.32975  0.0139753
5.333  0.0139644
5.33625  0.0139535
5.3395  0.0139427
5.34275  0.0139318
5.346  0.013921
5.34925  0.0139101
5.3525  0.0138993
5.35575  0.0138885
5.359  0.0138777
5.36225  0.0138668
5.3655  0.0138561
5.36875  0.0138453
5.372  0.0138345
5.37525  0.0138237
5.3785  0.013813
5.38175  0.0138022
5.385  0.0137915
5.38825  0.0137807
5.3915  0.01377
5.39475  0.0137593
5.398  0.0137486
5.40125  0.0137379
5.4045  0.0137272
5.40775  0.0137165
5.411  0.0137059
5.41425  0.0136952
5.4175  0.0136846
5.42075  0.0136739
5.424  0.0136633
5.42725  0.0136527
5.4305  0.013642
5.43375  0.0136314
5.437  0.0136208
5.44025  0.0136103
5.4435  0.0135997
5.44675  0.0135891
5.45  0.0135785
5.45325  0.013568
5.4565  0.0135574
5.45975  0.0135469
5.463  0.0135364
5.46625  0.0135259
5.4695  0.0135154
5.47275  0.0135049
5.476  0.0134944
5.47925  0.0134839
5.4825  0.0134734
5.48575  0.013463
5.489  0.0134525
5.49225  0.0134421
5.4955  0.0134316
5.49875  0.0134212
5.502  0.0134108
5.50525  0.0134004
5.5085  0.01339
5.51175  0.0133796
5.515  0.0133692
5.51825  0.0133588
5.5215  0.0133485
5.52475  0.0133381
5.528  0.0133278
5.53125  0.0133174
5.5345  0.0133071
5.53775  0.0132968
5.541  0.0132865
5.54425  0.0132762
5.5475  0.0132659
5.55075  0.0132556
5.554  0.0132453
5.55725  0.013235
5.5605  0.0132248
5.56375  0.0132145
5.567  0.0132043
5.57025  0.0131941
5.5735  0.0131839
5.57675  0.0131736
5.58  0.0131634
5.58325  0.0131532
5.5865  0.0131431
5.58975  0.0131329
5.593  0.0131227
5.59625  0.0131126
5.5995  0.0131024
5.60275  0.0130923
5.606  0.0130821
5.60925  0.013072
5.6125  0.0130619
5.61575  0.0130518
5.619  0.0130417
5.62225  0.0130316
5.6255  0.0130215
5.62875  0.0130115
5.632  0.0130014
5.63525  0.0129914
5.6385  0.0129813
5.64175  0.0129713
5.645  0.0129613
5.64825  0.0129513
5.6515  0.0129412
5.65475  0.0129312
5.658  0.0129213
5.66125  0.0129113
5.6645  0.0129013
5.66775  0.0128913
5.671  0.0128814
5.67425  0.0128715
5.6775  0.0128615
5.68075  0.0128516
5.684  0.0128417
5.68725  0.0128318
5.6905  0.0128219
5.69375  0.012812
5.697  0.0128021
5.70025  0.0127922
5.7035  0.0127824
5.70675  0.0127725
5.71  0.0127627
5.71325  0.0127528
5.7165  0.012743
5.71975  0.0127332
5.723  0.0127234
5.72625  0.0127136
5.7295  0.0127038
5.73275  0.012694
5.736  0.0126842
5.73925  0.0126744
5.7425  0.0126647
5.74575  0.0126549
5.749  0.0126452
5.75225  0.0126355
5.7555  0.0126257
5.75875  0.012616
5.762  0.0126063
5.76525  0.0125966
5.7685  0.0125869
5.77175  0.0125773
5.775  0.0125676
5.77825  0.0125579
5.7815  0.0125483
5.78475  0.0125386
5.788  0.012529
5.79125  0.0125194
5.7945  0.0125098
5.79775  0.0125002
5.801  0.0124906
5.80425  0.012481
5.8075  0.0124714
5.81075  0.0124618
5.814  0.0124522
5.81725  0.0124427
5.8205  0.0124331
5.82375  0.0124236
5.827  0.0124141
5.83025  0.0124046
5.8335  0.012395
5.83675  0.0123855
5.84  0.012376
5.84325  0.0123666
5.8465  0.0123571
5.84975  0.0123476
5.853  0.0123382
5.85625  0.0123287
5.8595  0.0123193
5.86275  0.0123098
5.866  0.0123004
5.86925  0.012291
5.8725  0.0122816
5.87575  0.0122722
5.879  0.0122628
5.88225  0.0122534
5.8855  0.012244
5.88875  0.0122347
5.892  0.0122253
5.89525  0.012216
5.8985  0.0122066
5.90175  0.0121973
5.905  0.012188
5.90825  0.0121787
5.9115  0.0121694
5.91475  0.0121601
5.918  0.0121508
5.92125  0.0121415
5.9245  0.0121322
5.92775  0.012123
5.931  0.0121137
5.93425  0.0121045
5.9375  0.0120952
5.94075  0.012086
5.944  0.0120768
5.94725  0.0120676
5.9505  0.0120584
5.95375  0.0120492
5.957  0.01204
5.96025  0.0120308
5.9635  0.0120217
5.96675  0.0120125
5.97  0.0120034
5.97325  0.0119942
5.9765  0.0119851
5.97975  0.011976
5.983  0.0119668
5.98625  0.0119577
5.9895  0.0119486
5.99275  0.0119396
5.996  0.0119305
5.99925  0.0119214
6.0025  0.0119123
6.00575  0.0119033
6.009  0.0118942
6.01225  0.0118852
6.0155  0.0118762
6.01875  0.0118671
6.022  0.0118581
6.02525  0.0118491
6.0285  0.0118401
6.03175  0.0118311
6.035  0.0118222
6.03825  0.0118132
6.0415  0.0118042
6.04475  0.0117953
6.048  0.0117863
6.05125  0.0117774
6.0545  0.0117684
6.05775  0.0117595
6.061  0.0117506
6.06425  0.0117417
6.0675  0.0117328
6.07075  0.0117239
6.074  0.011715
6.07725  0.0117062
6.0805  0.0116973
6.08375  0.0116885
6.087  0.0116796
6.09025  0.0116708
6.0935  0.0116619
6.09675  0.0116531
6.1  0.0116443
6.10325  0.0116355
6.1065  0.0116267
6.10975  0.0116179
6.113  0.0116091
6.11625  0.0116004
6.1195  0.0115916
6.12275  0.0115828
6.126  0.0115741
6.12925  0.0115654
6.1325  0.0115566
6.13575  0.0115479
6.139  0.0115392
6.14225  0.0115305
6.1455  0.0115218
6.14875  0.0115131
6.152  0.0115044
6.15525  0.0114957
6.1585  0.0114871
6.16175  0.0114784
6.165  0.0114698
6.16825  0.0114611
6.1715  0.0114525
6.17475  0.0114439
6.178  0.0114353
6.18125  0.0114266
6.1845  0.011418
6.18775  0.0114095
6.191  0.0114009
6.19425  0.0113923
6.1975  0.0113837
6.20075  0.0113752
6.204  0.0113666
6.20725  0.0113581
6.2105  0.0113495
6.21375  0.011341
6.217  0.0113325
6.22025  0.011324
6.2235  0.0113155
6.22675  0.011307
6.23  0.0112985
6.23325  0.01129
6.2365  0.0112816
6.23975  0.0112731
6.243  0.0112646
6.24625  0.0112562
6.2495  0.0112478
6.25275  0.0112393
6.256  0.0112309
6.25925  0.0112225
6.2625  0.0112141
6.26575  0.0112057
6.269  0.0111973
6.27225  0.0111889
6.2755  0.0111805
6.27875  0.0111722
6.282  0.0111638
6.28525  0.0111555
6.2885  0.0111471
6.29175  0.0111388
6.295  0.0111305
6.29825  0.0111221
6.3015  0.0111138
6.30475  0.0111055
6.308  0.0110972
6.31125  0.011089
6.3145  0.0110807
6.31775  0.0110724
6.321  0.0110641
6.32425  0.0110559
6.3275  0.0110476
6.33075  0.0110394
6.334  0.0110312
6.33725  0.0110229
6.3405  0.0110147
6.34375  0.0110065
6.347  0.0109983
6.35025  0.0109901
6.3535  0.0109819
6.35675  0.0109738
6.36  0.0109656
6.36325  0.0109574
6.3665  0.0109493
6.36975  0.0109411
6.373  0.010933
6.37625  0.0109249
6.3795  0.0109167
6.38275  0.0109086
6.386  0.0109005
6.38925  0.0108924
6.3925  0.0108843
6.39575  0.0108762
6.399  0.0108682
6.40225  0.0108601
6.4055  0.010852
6.40875  0.010844
6.412  0.0108359
6.41525  0.0108279
6.4185  0.0108199
6.42175  0.0108119
6.425  0.0108038
6.42825  0.0107958
6.4315  0.0107878
6.43475  0.0107798
6.438  0.0107719
6.44125  0.0107639
6.4445  0.0107559
6.44775  0.010748
6.451  0.01074
6.45425  0.0107321
6.4575  0.0107241
6.46075  0.0107162
6.464  0.0107083
6.46725  0.0107003
6.4705  0.0106924
6.47375  0.0106845
6.477  0.0106766
6.48025  0.0106688
6.4835  0.0106609
6.48675  0.010653
6.49  0.0106451
6.49325  0.0106373
6.4965  0.0106294
6.49975  0.0106216
6.503  0.0106138
6.50625  0.0106059
6.5095  0.0105981
6.51275  0.0105903
6.516  0.0105825
6.51925  0.0105747
6.5225  0.0105669
6.52575  0.0105592
6.529  0.0105514
6.53225  0.0105436
6.5355  0.0105359
6.53875  0.0105281
6.542  0.0105204
6.54525  0.0105126
6.5485  0.0105049
6.55175  0.0104972
6.555  0.0104895
6.55825  0.0104818
6.5615  0.0104741
6.56475  0.0104664
6.568  0.0104587
6.57125  0.010451
6.5745  0.0104433
6.57775  0.0104357
6.581  0.010428
6.58425  0.0104204
6.5875  0.0104127
6.59075  0.0104051
6.594  0.0103975
6.59725  0.0103899
6.6005  0.0103823
6.60375  0.0103747
6.607  0.0103671
6.61025  0.0103595
6.6135  0.0103519
6.61675  0.0103443
6.62  0.0103367
6.62325  0.0103292
6.6265  0.0103216
6.62975  0.0103141
6.633  0.0103066
6.63625  0.010299
6.6395  0.0102915
6.64275  0.010284
6.646  0.0102765
6.64925  0.010269
6.6525  0.0102615
6.65575  0.010254
6.659  0.0102465
6.66225  0.010239
6.6655  0.0102316
6.66875  0.0102241
6.672  0.0102167
6.67525  0.0102092
6.6785  0.0102018
6.68175  0.0101944
6.685  0.0101869
6.68825  0.0101795
6.6915  0.0101721
6.69475  0.0101647
6.698  0.0101573
6.70125  0.0101499
6.7045  0.0101425
6.70775  0.0101352
6.711  0.0101278
6.71425  0.0101204
6.7175  0.0101131
6.72075  0.0101057
6.724  0.0100984
6.72725  0.0100911
6.7305  0.0100838
6.73375  0.0100764
6.737  0.0100691
6.74025  0.0100618
6.7435  0.0100545
6.74675  0.0100472
6.75  0.01004
6.75325  0.0100327
6.7565  0.0100254
6.75975  0.0100182
6.763  0.0100109
6.76625  0.0100037
6.7695  0.00999641
6.77275  0.00998918
6.776  0.00998195
6.77925  0.00997473
6.7825  0.00996752
6.78575  0.00996032
6.789  0.00995312
6.79225  0.00994593
6.7955  0.00993874
6.79875  0.00993157
6.802  0.00992439
6.80525  0.00991723
6.8085  0.00991007
6.81175  0.00990292
6.815  0.00989578
6.81825  0.00988864
6.8215  0.00988151
6.82475  0.00987439
6.828  0.00986728
6.83125  0.00986017
6.8345  0.00985306
6.83775  0.00984597
6.841  0.00983888
6.84425  0.0098318
6.8475  0.00982472
6.85075  0.00981765
6.854  0.00981059
6.85725  0.00980354
6.8605  0.00979649
6.86375  0.00978945
6.867  0.00978241
6.87025  0.00977539
6.8735  0.00976837
6.87675  0.00976135
6.88  0.00975434
6.88325  0.00974734
6.8865  0.00974035
6.88975  0.00973336
6.893  0.00972638
6.89625  0.00971941
6.8995  0.00971244
6.90275  0.00970548
6.906  0.00969852
6.90925  0.00969158
6.9125  0.00968464
6.91575  0.0096777
6.919  0.00967077
6.92225  0.00966385
6.9255  0.00965694
6.92875  0.00965003
6.932  0.00964313
6.93525  0.00963624
6.9385  0.00962935
6.94175  0.00962247
6.945  0.00961559
6.94825  0.00960873
6.9515  0.00960186
6.95475  0.00959501
6.958  0.00958816
6.96125  0.00958132
6.9645  0.00957448
6.96775  0.00956766
6.971  0.00956083
6.97425  0.00955402
6.9775  0.00954721
6.98075  0.00954041
6.984  0.00953361
6.98725  0.00952682
6.9905  0.00952004
6.99375  0.00951326
6.997  0.00950649
7.00025  0.00949973
7.0035  0.00949297
7.00675  0.00948622
7.01  0.00947948
7.01325  0.00947274
7.0165  0.00946601
7.01975  0.00945928
7.023  0.00945256
7.02625  0.00944585
7.0295  0.00943915
7.03275  0.00943245
7.036  0.00942575
7.03925  0.00941907
7.0425  0.00941239
7.04575  0.00940571
7.049  0.00939905
7.05225  0.00939239
7.0555  0.00938573
7.05875  0.00937908
7.062  0.00937244
7.06525  0.00936581
7.0685  0.00935918
7.07175  0.00935255
7.075  0.00934594
7.07825  0.00933933
7.0815  0.00933272
7.08475  0.00932613
7.088  0.00931954
7.09125  0.00931295
7.0945  0.00930637
7.09775  0.0092998
7.101  0.00929323
7.10425  0.00928667
7.1075  0.00928012
7.11075  0.00927357
7.114  0.00926703
7.11725  0.0092605
7.1205  0.00925397
7.12375  0.00924745
7.127  0.00924093
7.13025  0.00923442
7.1335  0.00922792
7.13675  0.00922142
7.14  0.00921493
7.14325  0.00920844
7.1465  0.00920196
7.14975  0.00919549
7.153  0.00918902
7.15625  0.00918256
7.1595  0.00917611
7.16275  0.00916966
7.166  0.00916322
7.16925  0.00915678
7.1725  0.00915035
7.17575  0.00914393
7.179  0.00913751
7.18225  0.0091311
7.1855  0.0091247
7.18875  0.0091183
7.192  0.0091119
7.19525  0.00910552
7.1985  0.00909914
7.20175  0.00909276
7.205  0.00908639
7.20825  0.00908003
7.2115  0.00907367
7.21475  0.00906732
7.218  0.00906098
7.22125  0.00905464
7.2245  0.00904831
7.22775  0.00904198
7.231  0.00903566
7.23425  0.00902935
7.2375  0.00902304
7.24075  0.00901674
7.244  0.00901044
7.24725  0.00900415
7.2505  0.00899787
7.25375  0.00899159
7.257  0.00898531
7.26025  0.00897905
7.2635  0.00897279
7.26675  0.00896653
7.27  0.00896028
7.27325  0.00895404
7.2765  0.0089478
7.27975  0.00894157
7.283  0.00893535
7.28625  0.00892913
7.2895  0.00892292
7.29275  0.00891671
7.296  0.00891051
7.29925  0.00890431
7.3025  0.00889812
7.30575  0.00889194
7.309  0.00888576
7.31225  0.00887959
7.3155  0.00887342
7.31875  0.00886726
7.322  0.00886111
7.32525  0.00885496
7.3285  0.00884882
7.33175  0.00884268
7.335  0.00883655
7.33825  0.00883042
7.3415  0.0088243
7.34475  0.00881819
7.348  0.00881208
7.35125  0.00880598
7.3545  0.00879988
7.35775  0.00879379
7.361  0.00878771
7.36425  0.00878163
7.3675  0.00877555
7.37075  0.00876949
7.374  0.00876343
7.37725  0.00875737
7.3805  0.00875132
7.38375  0.00874527
7.387  0.00873924
7.39025  0.0087332
7.3935  0.00872717
7.39675  0.00872115
7.4  0.00871514
7.40325  0.00870913
7.4065  0.00870312
7.40975  0.00869712
7.413  0.00869113
7.41625  0.00868514
7.4195  0.00867916
7.42275  0.00867318
7.426  0.00866721
7.42925  0.00866125
7.4325  0.00865529
7.43575  0.00864933
7.439  0.00864338
7.44225  0.00863744
7.4455  0.0086315
7.44875  0.00862557
7.452  0.00861965
7.45525  0.00861373
7.4585  0.00860781
7.46175  0.0086019
7.465  0.008596
7.46825  0.0085901
7.4715  0.00858421
7.47475  0.00857832
7.478  0.00857244
7.48125  0.00856657
7.4845  0.0085607
7.48775  0.00855483
7.491  0.00854897
7.49425  0.00854312
7.4975  0.00853727
7.50075  0.00853143
7.504  0.00852559
7.50725  0.00851976
7.5105  0.00851393
7.51375  0.00850811
7.517  0.0085023
7.52025  0.00849649
7.5235  0.00849068
7.52675  0.00848488
7.53  0.00847909
7.53325  0.0084733
7.5365  0.00846752
7.53975  0.00846174
7.543  0.00845597
7.54625  0.00845021
7.5495  0.00844445
7.55275  0.00843869
7.556  0.00843294
7.55925  0.0084272
7.5625  0.00842146
7.56575  0.00841572
7.569  0.00841
7.57225  0.00840427
7.5755  0.00839855
7.57875  0.00839284
7.582  0.00838714
7.58525  0.00838143
7.5885  0.00837574
7.59175  0.00837005
7.595  0.00836436
7.59825  0.00835868
7.6015  0.00835301
7.60475  0.00834734
7.608  0.00834167
7.61125  0.00833602
7.6145  0.00833036
7.61775  0.00832471
7.621  0.00831907
7.62425  0.00831343
7.6275  0.0083078
7.63075  0.00830217
7.634  0.00829655
7.63725  0.00829094
7.6405  0.00828532
7.64375  0.00827972
7.647  0.00827412
7.65025  0.00826852
7.6535  0.00826293
7.65675  0.00825735
7.66  0.00825177
7.66325  0.00824619
7.6665  0.00824062
7.66975  0.00823506
7.673  0.0082295
7.67625  0.00822395
7.6795  0.0082184
7.68275  0.00821285
7.686  0.00820732
7.68925  0.00820178
7.6925  0.00819625
7.69575  0.00819073
7.699  0.00818521
7.70225  0.0081797
7.7055  0.00817419
7.70875  0.00816869
7.712  0.0081632
7.71525  0.0081577
7.7185  0.00815222
7.72175  0.00814674
7.725  0.00814126
7.72825  0.00813579
7.7315  0.00813032
7.73475  0.00812486
7.738  0.0081194
7.74125  0.00811395
7.7445  0.00810851
7.74775  0.00810307
7.751  0.00809763
7.75425  0.0080922
7.7575  0.00808677
7.76075  0.00808135
7.764  0.00807594
7.76725  0.00807053
7.7705  0.00806512
7.77375  0.00805972
7.777  0.00805433
7.78025  0.00804893
7.7835  0.00804355
7.78675  0.00803817
7.79  0.00803279
7.79325  0.00802742
7.7965  0.00802206
7.79975  0.0080167
7.803  0.00801134
7.80625  0.00800599
7.8095  0.00800065
7.81275  0.00799531
7.816  0.00798997
7.81925  0.00798464
7.8225  0.00797931
7.82575  0.00797399
7.829  0.00796868
7.83225  0.00796337
7.8355  0.00795806
7.83875  0.00795276
7.842  0.00794746
7.84525  0.00794217
7.8485  0.00793689
7.85175  0.0079316
7.855  0.00792633
7.85825  0.00792106
7.8615  0.00791579
7.86475  0.00791053
7.868  0.00790527
7.87125  0.00790002
7.8745  0.00789477
7.87775  0.00788953
7.881  0.00788429
7.88425  0.00787906
7.8875  0.00787383
7.89075  0.00786861
7.894  0.00786339
7.89725  0.00785818
7.9005  0.00785297
7.90375  0.00784776
7.907  0.00784257
7.91025  0.00783737
7.9135  0.00783218
7.91675  0.007827
7.92  0.00782182
7.92325  0.00781664
7.9265  0.00781147
7.92975  0.00780631
7.933  0.00780115
7.93625  0.00779599
7.9395  0.00779084
7.94275  0.00778569
7.946  0.00778055
7.94925  0.00777542
7.9525  0.00777028
7.95575  0.00776516
7.959  0.00776003
7.96225  0.00775492
7.9655  0.0077498
7.96875  0.00774469
7.972  0.00773959
7.97525  0.00773449
7.9785  0.0077294
7.98175  0.00772431
7.985  0.00771922
7.98825  0.00771414
7.9915  0.00770907
7.99475  0.00770399
7.998  0.00769893
8.00125  0.00769387
8.0045  0.00768881
8.00775  0.00768376
8.011  0.00767871
8.01425  0.00767367
8.0175  0.00766863
8.02075  0.00766359
8.024  0.00765857
8.02725  0.00765354
8.0305  0.00764852
8.03375  0.00764351
8.037  0.00763849
8.04025  0.00763349
8.0435  0.00762849
8.04675  0.00762349
8.05  0.0076185
8.05325  0.00761351
8.0565  0.00760853
8.05975  0.00760355
8.063  0.00759857
8.06625  0.0075936
8.0695  0.00758864
8.07275  0.00758368
8.076  0.00757872
8.07925  0.00757377
8.0825  0.00756883
8.08575  0.00756388
8.089  0.00755895
8.09225  0.00755401
8.0955  0.00754908
8.09875  0.00754416
8.102  0.00753924
8.10525  0.00753432
8.1085  0.00752941
8.11175  0.00752451
8.115  0.00751961
8.11825  0.00751471
8.1215  0.00750982
8.12475  0.00750493
8.128  0.00750004
8.13125  0.00749516
8.1345  0.00749029
8.13775  0.00748542
8.141  0.00748055
8.14425  0.00747569
8.1475  0.00747083
8.15075  0.00746598
8.154  0.00746113
8.15725  0.00745629
8.1605  0.00745145
8.16375  0.00744662
8.167  0.00744178
8.17025  0.00743696
8.1735  0.00743214
8.17675  0.00742732
8.18  0.00742251
8.18325  0.0074177
8.1865  0.00741289
8.18975  0.00740809
8.193  0.0074033
8.19625  0.00739851
8.1995  0.00739372
8.20275  0.00738894
8.206  0.00738416
8.20925  0.00737939
8.2125  0.00737462
8.21575  0.00736985
8.219  0.00736509
8.22225  0.00736033
8.2255  0.00735558
8.22875  0.00735083
8.232  0.00734609
8.23525  0.00734135
8.2385  0.00733662
8.24175  0.00733189
8.245  0.00732716
8.24825  0.00732244
8.2515  0.00731772
8.25475  0.00731301
8.258  0.0073083
8.26125  0.00730359
8.2645  0.00729889
8.26775  0.0072942
8.271  0.0072895
8.27425  0.00728482
8.2775  0.00728013
8.28075  0.00727545
8.284  0.00727078
8.28725  0.00726611
8.2905  0.00726144
8.29375  0.00725678
8.297  0.00725212
8.30025  0.00724747
8.3035  0.00724282
8.30675  0.00723817
8.31  0.00723353
8.31325  0.00722889
8.3165  0.00722426
8.31975  0.00721963
8.323  0.00721501
8.32625  0.00721039
8.3295  0.00720577
8.33275  0.00720116
8.336  0.00719655
8.33925  0.00719195
8.3425  0.00718735
8.34575  0.00718275
8.349  0.00717816
8.35225  0.00717357
8.3555  0.00716899
8.35875  0.00716441
8.362  0.00715984
8.36525  0.00715527
8.3685  0.0071507
8.37175  0.00714614
8.375  0.00714158
8.37825  0.00713702
8.3815  0.00713247
8.38475  0.00712793
8.388  0.00712339
8.39125  0.00711885
8.3945  0.00711431
8.39775  0.00710979
8.401  0.00710526
8.40425  0.00710074
8.4075  0.00709622
8.41075  0.00709171
8.414  0.0070872
8.41725  0.00708269
8.4205  0.00707819
8.42375  0.00707369
8.427  0.0070692
8.43025  0.00706471
8.4335  0.00706023
8.43675  0.00705575
8.44  0.00705127
8.44325  0.0070468
8.4465  0.00704233
8.44975  0.00703786
8.453  0.0070334
8.45625  0.00702894
8.4595  0.00702449
8.46275  0.00702004
8.466  0.0070156
8.46925  0.00701116
8.4725  0.00700672
8.47575  0.00700229
8.479  0.00699786
8.48225  0.00699343
8.4855  0.00698901
8.48875  0.00698459
8.492  0.00698018
8.49525  0.00697577
8.4985  0.00697137
8.50175  0.00696696
8.505  0.00696257
8.50825  0.00695817
8.5115  0.00695378
8.51475  0.0069494
8.518  0.00694502
8.52125  0.00694064
8.5245  0.00693626
8.52775  0.00693189
8.531  0.00692753
8.53425  0.00692317
8.5375  0.00691881
8.54075  0.00691445
8.544  0.0069101
8.54725  0.00690576
8.5505  0.00690141
8.55375  0.00689707
8.557  0.00689274
8.56025  0.00688841
8.5635  0.00688408
8.56675  0.00687976
8.57  0.00687544
8.57325  0.00687112
8.5765  0.00686681
8.57975  0.0068625
8.583  0.0068582
8.58625  0.0068539
8.5895  0.0068496
8.59275  0.00684531
8.596  0.00684102
8.59925  0.00683673
8.6025  0.00683245
8.60575  0.00682817
8.609  0.0068239
8.61225  0.00681963
8.6155  0.00681536
8.61875  0.0068111
8.622  0.00680684
8.62525  0.00680259
8.6285  0.00679834
8.63175  0.00679409
8.635  0.00678984
8.63825  0.0067856
8.6415  0.00678137
8.64475  0.00677714
8.648  0.00677291
8.65125  0.00676868
8.6545  0.00676446
8.65775  0.00676024
8.661  0.00675603
8.66425  0.00675182
8.6675  0.00674761
8.67075  0.00674341
8.674  0.00673921
8.67725  0.00673502
8.6805  0.00673083
8.68375  0.00672664
8.687  0.00672246
8.69025  0.00671828
8.6935  0.0067141
8.69675  0.00670993
8.7  0.00670576
8.70325  0.00670159
8.7065  0.00669743
8.70975  0.00669327
8.713  0.00668912
8.71625  0.00668497
8.7195  0.00668082
8.72275  0.00667668
8.726  0.00667254
8.72925  0.0066684
8.7325  0.00666427
8.73575  0.00666014
8.739  0.00665601
8.74225  0.00665189
8.7455  0.00664777
8.74875  0.00664366
8.752  0.00663955
8.75525  0.00663544
8.7585  0.00663134
8.76175  0.00662724
8.765  0.00662314
8.76825  0.00661905
8.7715  0.00661496
8.77475  0.00661088
8.778  0.00660679
8.78125  0.00660272
8.7845  0.00659864
8.78775  0.00659457
8.791  0.0065905
8.79425  0.00658644
8.7975  0.00658238
8.80075  0.00657832
8.804  0.00657427
8.80725  0.00657022
8.8105  0.00656617
8.81375  0.00656213
8.817  0.00655809
8.82025  0.00655406
8.8235  0.00655002
8.82675  0.006546
8.83  0.00654197
8.83325  0.00653795
8.8365  0.00653393
8.83975  0.00652992
8.843  0.00652591
8.84625  0.0065219
8.8495  0.0065179
8.85275  0.0065139
8.856  0.0065099
8.85925  0.00650591
8.8625  0.00650192
8.86575  0.00649793
8.869  0.00649395
8.87225  0.00648997
8.8755  0.00648599
8.87875  0.00648202
8.882  0.00647805
8.88525  0.00647408
8.8885  0.00647012
8.89175  0.00646616
8.895  0.00646221
8.89825  0.00645826
8.9015  0.00645431
8.90475  0.00645036
8.908  0.00644642
8.91125  0.00644248
8.9145  0.00643855
8.91775  0.00643462
8.921  0.00643069
8.92425  0.00642677
8.9275  0.00642285
8.93075  0.00641893
8.934  0.00641502
8.93725  0.00641111
8.9405  0.0064072
8.94375  0.00640329
8.947  0.00639939
8.95025  0.0063955
8.9535  0.0063916
8.95675  0.00638771
8.96  0.00638383
8.96325  0.00637994
8.9665  0.00637606
8.96975  0.00637219
8.973  0.00636831
8.97625  0.00636444
8.9795  0.00636058
8.98275  0.00635671
8.986  0.00635285
8.98925  0.006349
8.9925  0.00634514
8.99575  0.00634129
8.999  0.00633745
9.00225  0.0063336
9.0055  0.00632976
9.00875  0.00632593
9.012  0.00632209
9.01525  0.00631827
9.0185  0.00631444
9.02175  0.00631062
9.025  0.0063068
9.02825  0.00630298
9.0315  0.00629917
9.03475  0.00629536
9.038  0.00629155
9.04125  0.00628775
9.0445  0.00628395
9.04775  0.00628015
9.051  0.00627635
9.05425  0.00627256
9.0575  0.00626878
9.06075  0.00626499
9.064  0.00626121
9.06725  0.00625744
9.0705  0.00625366
9.07375  0.00624989
9.077  0.00624612
9.08025  0.00624236
9.0835  0.0062386
9.08675  0.00623484
9.09  0.00623109
9.09325  0.00622733
9.0965  0.00622359
9.09975  0.00621984
9.103  0.0062161
9.10625  0.00621236
9.1095  0.00620863
9.11275  0.0062049
9.116  0.00620117
9.11925  0.00619744
9.1225  0.00619372
9.12575  0.00619
9.129  0.00618628
9.13225  0.00618257
9.1355  0.00617886
9.13875  0.00617516
9.142  0.00617145
9.14525  0.00616775
9.1485  0.00616406
9.15175  0.00616036
9.155  0.00615667
9.15825  0.00615298
9.1615  0.0061493
9.16475  0.00614562
9.168  0.00614194
9.17125  0.00613827
9.1745  0.00613459
9.17775  0.00613093
9.181  0.00612726
9.18425  0.0061236
9.1875  0.00611994
9.19075  0.00611628
9.194  0.00611263
9.19725  0.00610898
9.2005  0.00610534
9.20375  0.00610169
9.207  0.00609805
9.21025  0.00609442
9.2135  0.00609078
9.21675  0.00608715
9.22  0.00608352
9.22325  0.0060799
9.2265  0.00607628
9.22975  0.00607266
9.233  0.00606904
9.23625  0.00606543
9.2395  0.00606182
9.24275  0.00605821
9.246  0.00605461
9.24925  0.00605101
9.2525  0.00604741
9.25575  0.00604382
9.259  0.00604023
9.26225  0.00603664
9.2655  0.00603306
9.26875  0.00602948
9.272  0.0060259
9.27525  0.00602232
9.2785  0.00601875
9.28175  0.00601518
9.285  0.00601161
9.28825  0.00600805
9.2915  0.00600449
9.29475  0.00600093
9.298  0.00599738
9.30125  0.00599383
9.3045  0.00599028
9.30775  0.00598673
9.311  0.00598319
9.31425  0.00597965
9.3175  0.00597612
9.32075  0.00597258
9.324  0.00596905
9.32725  0.00596553
9.3305  0.005962
9.33375  0.00595848
9.337  0.00595496
9.34025  0.00595145
9.3435  0.00594793
9.34675  0.00594442
9.35  0.00594092
9.35325  0.00593742
9.3565  0.00593391
9.35975  0.00593042
9.363  0.00592692
9.36625  0.00592343
9.3695  0.00591994
9.37275  0.00591646
9.376  0.00591297
9.37925  0.00590949
9.3825  0.00590602
9.38575  0.00590254
9.389  0.00589907
9.39225  0.00589561
9.3955  0.00589214
9.39875  0.00588868
9.402  0.00588522
9.40525  0.00588176
9.4085  0.00587831
9.41175  0.00587486
9.415  0.00587141
9.41825  0.00586797
9.4215  0.00586453
9.42475  0.00586109
9.428  0.00585765
9.43125  0.00585422
9.4345  0.00585079
9.43775  0.00584736
9.441  0.00584394
9.44425  0.00584051
9.4475  0.0058371
9.45075  0.00583368
9.454  0.00583027
9.45725  0.00582686
9.4605  0.00582345
9.46375  0.00582005
9.467  0.00581664
9.47025  0.00581325
9.4735  0.00580985
9.47675  0.00580646
9.48  0.00580307
9.48325  0.00579968
9.4865  0.0057963
9.48975  0.00579291
9.493  0.00578954
9.49625  0.00578616
9.4995  0.00578279
9.50275  0.00577942
9.506  0.00577605
9.50925  0.00577269
9.5125  0.00576932
9.51575  0.00576597
9.519  0.00576261
9.52225  0.00575926
9.5255  0.00575591
9.52875  0.00575256
9.532  0.00574921
9.53525  0.00574587
9.5385  0.00574253
9.54175  0.0057392
9.545  0.00573586
9.54825  0.00573253
9.5515  0.0057292
9.55475  0.00572588
9.558  0.00572256
9.56125  0.00571924
9.5645  0.00571592
9.56775  0.00571261
9.571  0.00570929
9.57425  0.00570599
9.5775  0.00570268
9.58075  0.00569938
9.584  0.00569608
9.58725  0.00569278
9.5905  0.00568948
9.59375  0.00568619
9.597  0.0056829
9.60025  0.00567962
9.6035  0.00567633
9.60675  0.00567305
9.61  0.00566977
9.61325  0.0056665
9.6165  0.00566322
9.61975  0.00565995
9.623  0.00565669
9.62625  0.00565342
9.6295  0.00565016
9.63275  0.0056469
9.636  0.00564364
9.63925  0.00564039
9.6425  0.00563714
9.64575  0.00563389
9.649  0.00563064
9.65225  0.0056274
9.6555  0.00562416
9.65875  0.00562092
9.662  0.00561769
9.66525  0.00561446
9.6685  0.00561123
9.67175  0.005608
9.675  0.00560477
9.67825  0.00560155
9.6815  0.00559833
9.68475  0.00559512
9.688  0.0055919
9.69125  0.00558869
9.6945  0.00558548
9.69775  0.00558228
9.701  0.00557908
9.70425  0.00557588
9.7075  0.00557268
9.71075  0.00556948
9.714  0.00556629
9.71725  0.0055631
9.7205  0.00555991
9.72375  0.00555673
9.727  0.00555355
9.73025  0.00555037
9.7335  0.00554719
9.73675  0.00554402
9.74  0.00554085
9.74325  0.00553768
9.7465  0.00553451
9.74975  0.00553135
9.753  0.00552819
9.75625  0.00552503
9.7595  0.00552187
9.76275  0.00551872
9.766  0.00551557
9.76925  0.00551242
9.7725  0.00550928
9.77575  0.00550613
9.779  0.00550299
9.78225  0.00549986
9.7855  0.00549672
9.78875  0.00549359
9.792  0.00549046
9.79525  0.00548733
9.7985  0.00548421
9.80175  0.00548108
9.805  0.00547796
9.80825  0.00547485
9.8115  0.00547173
9.81475  0.00546862
9.818  0.00546551
9.82125  0.00546241
9.8245  0.0054593
9.82775  0.0054562
9.831  0.0054531
9.83425  0.00545
9.8375  0.00544691
9.84075  0.00544382
9.844  0.00544073
9.84725  0.00543764
9.8505  0.00543456
9.85375  0.00543148
9.857  0.0054284
9.86025  0.00542532
9.8635  0.00542225
9.86675  0.00541918
9.87  0.00541611
9.87325  0.00541304
9.8765  0.00540998
9.87975  0.00540692
9.883  0.00540386
9.88625  0.0054008
9.8895  0.00539775
9.89275  0.0053947
9.896  0.00539165
9.89925  0.0053886
9.9025  0.00538556
9.90575  0.00538252
9.909  0.00537948
9.91225  0.00537644
9.9155  0.00537341
9.91875  0.00537038
9.922  0.00536735
9.92525  0.00536432
9.9285  0.0053613
9.93175  0.00535828
9.935  0.00535526
9.93825  0.00535224
9.9415  0.00534923
9.94475  0.00534621
9.948  0.00534321
9.95125  0.0053402
9.9545  0.00533719
9.95775  0.00533419
9.961  0.00533119
9.96425  0.0053282
9.9675  0.0053252
9.97075  0.00532221
9.974  0.00531922
9.97725  0.00531623
9.9805  0.00531325
9.98375  0.00531027
9.987  0.00530729
9.99025  0.00530431
9.9935  0.00530133
9.99675  0.00529836
