0.25  0.781052
0.25325  0.79891
0.2565  0.811951
0.25975  0.819092
0.263  0.820264
0.26625  0.816266
0.2695  0.808519
0.27275  0.798777
0.276  0.788843
0.27925  0.780339
0.2825  0.774538
0.28575  0.772264
0.289  0.77387
0.29225  0.779267
0.2955  0.787996
0.29875  0.799324
0.302  0.812349
0.30525  0.826108
0.3085  0.839663
0.31175  0.852179
0.315  0.862972
0.31825  0.871547
0.3215  0.877604
0.32475  0.881037
0.328  0.881916
0.33125  0.880458
0.3345  0.876999
0.33775  0.871955
0.341  0.865791
0.34425  0.858986
0.3475  0.85201
0.35075  0.845295
0.354  0.839223
0.35725  0.83411
0.3605  0.830201
0.36375  0.827667
0.367  0.826605
0.37025  0.827044
0.3735  0.82895
0.37675  0.832236
0.38  0.836771
0.38325  0.842389
0.3865  0.848899
0.38975  0.856097
0.393  0.863769
0.39625  0.871704
0.3995  0.879699
0.40275  0.887564
0.406  0.895125
0.40925  0.90223
0.4125  0.908749
0.41575  0.914577
0.419  0.919633
0.42225  0.923859
0.4255  0.927221
0.42875  0.929706
0.432  0.931321
0.43525  0.93209
0.4385  0.932054
0.44175  0.931265
0.445  0.929787
0.44825  0.927691
0.4515  0.925057
0.45475  0.921964
0.458  0.918499
0.46125  0.914745
0.4645  0.910785
0.46775  0.906701
0.471  0.90257
0.47425  0.898463
0.4775  0.894449
0.48075  0.890589
0.484  0.886937
0.48725  0.883542
0.4905  0.880446
0.49375  0.877684
0.497  0.875283
0.50025  0.873267
0.5035  0.87165
0.50675  0.870443
0.51  0.86965
0.51325  0.869271
0.5165  0.8693
0.51975  0.869728
0.523  0.870541
0.52625  0.871724
0.5295  0.873257
0.53275  0.875118
0.536  0.877285
0.53925  0.879732
0.5425  0.882432
0.54575  0.88536
0.549  0.888486
0.55225  0.891784
0.5555  0.895225
0.55875  0.898783
0.562  0.90243
0.56525  0.906141
0.5685  0.909891
0.57175  0.913654
0.575  0.917409
0.57825  0.921134
0.5815  0.924808
0.58475  0.928412
0.588  0.93193
0.59125  0.935344
0.5945  0.93864
0.59775  0.941806
0.601  0.944829
0.60425  0.9477
0.6075  0.95041
0.61075  0.95295
0.614  0.955316
0.61725  0.957502
0.6205  0.959504
0.62375  0.961321
0.627  0.96295
0.63025  0.964391
0.6335  0.965644
0.63675  0.966712
0.64  0.967596
0.64325  0.968299
0.6465  0.968825
0.64975  0.969179
0.653  0.969364
0.65625  0.969386
0.6595  0.969251
0.66275  0.968965
0.666  0.968535
0.66925  0.967967
0.6725  0.967268
0.67575  0.966445
0.679  0.965506
0.68225  0.964458
0.6855  0.963308
0.68875  0.962064
0.692  0.960733
0.69525  0.959323
0.6985  0.95784
0.70175  0.956293
0.705  0.954687
0.70825  0.953031
0.7115  0.951331
0.71475  0.949594
0.718  0.947826
0.72125  0.946033
0.7245  0.944222
0.72775  0.942398
0.731  0.940568
0.73425  0.938735
0.7375  0.936906
0.74075  0.935086
0.744  0.933279
0.74725  0.931489
0.7505  0.929721
0.75375  0.92798
0.757  0.926267
0.76025  0.924588
0.7635  0.922945
0.76675  0.921341
0.77  0.91978
0.77325  0.918263
0.7765  0.916793
0.77975  0.915373
0.783  0.914004
0.78625  0.912687
0.7895  0.911426
0.79275  0.91022
0.796  0.909071
0.79925  0.907981
0.8025  0.906949
0.80575  0.905977
0.809  0.905066
0.81225  0.904215
0.8155  0.903425
0.81875  0.902696
0.822  0.902028
0.82525  0.901421
0.8285  0.900875
0.83175  0.900389
0.835  0.899964
0.83825  0.899597
0.8415  0.89929
0.84475  0.899041
0.848  0.898849
0.85125  0.898714
0.8545  0.898634
0.85775  0.898609
0.861  0.898638
0.86425  0.898719
0.8675  0.898852
0.87075  0.899035
0.874  0.899267
0.87725  0.899547
0.8805  0.899874
0.88375  0.900246
0.887  0.900662
0.89025  0.901121
0.8935  0.901622
0.89675  0.902162
0.9  0.902741
0.90325  0.903358
0.9065  0.90401
0.90975  0.904697
0.913  0.905417
0.91625  0.906169
0.9195  0.906951
0.92275  0.907763
0.926  0.908602
0.92925  0.909468
0.9325  0.910359
0.93575  0.911273
0.939  0.91221
0.94225  0.913169
0.9455  0.914147
0.94875  0.915144
0.952  0.916158
0.95525  0.917189
0.9585  0.918235
0.96175  0.919294
0.965  0.920367
0.96825  0.921451
0.9715  0.922546
0.97475  0.92365
0.978  0.924763
0.98125  0.925883
0.9845  0.927009
0.98775  0.928141
0.991  0.929278
0.99425  0.930418
0.9975  0.931561
1.00075  0.932705
1.004  0.933851
1.00725  0.934996
1.0105  0.936141
1.01375  0.937285
1.017  0.938426
1.02025  0.939565
1.0235  0.9407
1.02675  0.94183
1.03  0.942956
1.03325  0.944076
1.0365  0.94519
1.03975  0.946297
1.043  0.947397
1.04625  0.948489
1.0495  0.949573
1.05275  0.950648
1.056  0.951713
1.05925  0.952769
1.0625  0.953815
1.06575  0.95485
1.069  0.955874
1.07225  0.956886
1.0755  0.957887
1.07875  0.958876
1.082  0.959853
1.08525  0.960817
1.0885  0.961768
1.09175  0.962705
1.095  0.96363
1.09825  0.96454
1.1015  0.965437
1.10475  0.966319
1.108  0.967188
1.11125  0.968042
1.1145  0.968881
1.11775  0.969705
1.121  0.970515
1.12425  0.971309
1.1275  0.972089
1.13075  0.972853
1.134  0.973602
1.13725  0.974336
1.1405  0.975054
1.14375  0.975757
1.147  0.976444
1.15025  0.977116
1.1535  0.977772
1.15675  0.978413
1.16  0.979038
1.16325  0.979647
1.1665  0.980241
1.16975  0.98082
1.173  0.981383
1.17625  0.98193
1.1795  0.982463
1.18275  0.982979
1.186  0.983481
1.18925  0.983967
1.1925  0.984439
1.19575  0.984895
1.199  0.985336
1.20225  0.985763
1.2055  0.986174
1.20875  0.986571
1.212  0.986953
1.21525  0.987321
1.2185  0.987675
1.22175  0.988014
1.225  0.988339
1.22825  0.98865
1.2315  0.988947
1.23475  0.98923
1.238  0.9895
1.24125  0.989757
1.2445  0.989999
1.24775  0.990229
1.251  0.990446
1.25425  0.990649
1.2575  0.99084
1.26075  0.991019
1.264  0.991184
1.26725  0.991338
1.2705  0.991479
1.27375  0.991608
1.277  0.991726
1.28025  0.991831
1.2835  0.991925
1.28675  0.992008
1.29  0.992079
1.29325  0.992139
1.2965  0.992189
1.29975  0.992227
1.303  0.992255
1.30625  0.992272
1.3095  0.99228
1.31275  0.992277
1.316  0.992263
1.31925  0.992241
1.3225  0.992208
1.32575  0.992166
1.329  0.992115
1.33225  0.992054
1.3355  0.991984
1.33875  0.991906
1.342  0.991819
1.34525  0.991723
1.3485  0.991619
1.35175  0.991506
1.355  0.991385
1.35825  0.991257
1.3615  0.99112
1.36475  0.990976
1.368  0.990825
1.37125  0.990666
1.3745  0.9905
1.37775  0.990327
1.381  0.990146
1.38425  0.989959
1.3875  0.989766
1.39075  0.989566
1.394  0.989359
1.39725  0.989147
1.4005  0.988928
1.40375  0.988703
1.407  0.988473
1.41025  0.988237
1.4135  0.987995
1.41675  0.987748
1.42  0.987496
1.42325  0.987238
1.4265  0.986976
1.42975  0.986708
1.433  0.986436
1.43625  0.986159
1.4395  0.985878
1.44275  0.985592
1.446  0.985302
1.44925  0.985007
1.4525  0.984709
1.45575  0.984407
1.459  0.984101
1.46225  0.983791
1.4655  0.983477
1.46875  0.98316
1.472  0.98284
1.47525  0.982516
1.4785  0.982189
1.48175  0.981859
1.485  0.981527
1.48825  0.981191
1.4915  0.980852
1.49475  0.980511
1.498  0.980167
1.50125  0.979821
1.5045  0.979472
1.50775  0.979121
1.511  0.978768
1.51425  0.978412
1.5175  0.978055
1.52075  0.977695
1.524  0.977334
1.52725  0.976971
1.5305  0.976606
1.53375  0.97624
1.537  0.975872
1.54025  0.975502
1.5435  0.975132
1.54675  0.974759
1.55  0.974386
1.55325  0.974012
1.5565  0.973636
1.55975  0.973259
1.563  0.972882
1.56625  0.972503
1.5695  0.972124
1.57275  0.971744
1.576  0.971363
1.57925  0.970982
1.5825  0.9706
1.58575  0.970217
1.589  0.969834
1.59225  0.969451
1.5955  0.969068
1.59875  0.968684
1.602  0.9683
1.60525  0.967916
1.6085  0.967531
1.61175  0.967147
1.615  0.966763
1.61825  0.966378
1.6215  0.965994
1.62475  0.96561
1.628  0.965226
1.63125  0.964843
1.6345  0.964459
1.63775  0.964077
1.641  0.963694
1.64425  0.963312
1.6475  0.96293
1.65075  0.962549
1.654  0.962169
1.65725  0.961789
1.6605  0.961409
1.66375  0.961031
1.667  0.960653
1.67025  0.960275
1.6735  0.959899
1.67675  0.959523
1.68  0.959149
1.68325  0.958775
1.6865  0.958402
1.68975  0.95803
1.693  0.957659
1.69625  0.957288
1.6995  0.956919
1.70275  0.956551
1.706  0.956185
1.70925  0.955819
1.7125  0.955454
1.71575  0.955091
1.719  0.954729
1.72225  0.954367
1.7255  0.954008
1.72875  0.953649
1.732  0.953292
1.73525  0.952936
1.7385  0.952582
1.74175  0.952228
1.745  0.951876
1.74825  0.951526
1.7515  0.951177
1.75475  0.950829
1.758  0.950483
1.76125  0.950139
1.7645  0.949795
1.76775  0.949454
1.771  0.949114
1.77425  0.948775
1.7775  0.948438
1.78075  0.948102
1.784  0.947769
1.78725  0.947436
1.7905  0.947105
1.79375  0.946776
1.797  0.946449
1.80025  0.946123
1.8035  0.945799
1.80675  0.945476
1.81  0.945156
1.81325  0.944836
1.8165  0.944519
1.81975  0.944203
1.823  0.943889
1.82625  0.943577
1.8295  0.943266
1.83275  0.942957
1.836  0.94265
1.83925  0.942345
1.8425  0.942041
1.84575  0.94174
1.849  0.941439
1.85225  0.941141
1.8555  0.940845
1.85875  0.94055
1.862  0.940257
1.86525  0.939966
1.8685  0.939677
1.87175  0.939389
1.875  0.939103
1.87825  0.93882
1.8815  0.938537
1.88475  0.938257
1.888  0.937979
1.89125  0.937702
1.8945  0.937427
1.89775  0.937154
1.901  0.936883
1.90425  0.936614
1.9075  0.936347
1.91075  0.936081
1.914  0.935817
1.91725  0.935555
1.9205  0.935295
1.92375  0.935037
1.927  0.93478
1.93025  0.934526
1.9335  0.934273
1.93675  0.934022
1.94  0.933773
1.94325  0.933525
1.9465  0.93328
1.94975  0.933036
1.953  0.932794
1.95625  0.932554
1.9595  0.932316
1.96275  0.93208
1.966  0.931845
1.96925  0.931613
1.9725  0.931382
1.97575  0.931152
1.979  0.930925
1.98225  0.9307
1.9855  0.930476
1.98875  0.930254
1.992  0.930034
1.99525  0.929815
1.9985  0.929599
2.00175  0.929384
2.005  0.929171
2.00825  0.92896
2.0115  0.92875
2.01475  0.928543
2.018  0.928337
2.02125  0.928132
2.0245  0.92793
2.02775  0.927729
2.031  0.92753
2.03425  0.927333
2.0375  0.927138
2.04075  0.926944
2.044  0.926752
2.04725  0.926561
2.0505  0.926373
2.05375  0.926186
2.057  0.926001
2.06025  0.925817
2.0635  0.925635
2.06675  0.925455
2.07  0.925276
2.07325  0.9251
2.0765  0.924924
2.07975  0.924751
2.083  0.924579
2.08625  0.924409
2.0895  0.92424
2.09275  0.924073
2.096  0.923908
2.09925  0.923744
2.1025  0.923582
2.10575  0.923422
2.109  0.923263
2.11225  0.923105
2.1155  0.92295
2.11875  0.922796
2.122  0.922643
2.12525  0.922492
2.1285  0.922343
2.13175  0.922195
2.135  0.922048
2.13825  0.921904
2.1415  0.92176
2.14475  0.921619
2.148  0.921478
2.15125  0.92134
2.1545  0.921202
2.15775  0.921067
2.161  0.920933
2.16425  0.9208
2.1675  0.920669
2.17075  0.920539
2.174  0.920411
2.17725  0.920284
2.1805  0.920158
2.18375  0.920034
2.187  0.919912
2.19025  0.919791
2.1935  0.919671
2.19675  0.919553
2.2  0.919436
2.20325  0.919321
2.2065  0.919206
2.20975  0.919094
2.213  0.918982
2.21625  0.918873
2.2195  0.918764
2.22275  0.918657
2.226  0.918551
2.22925  0.918446
2.2325  0.918343
2.23575  0.918241
2.239  0.918141
2.24225  0.918042
2.2455  0.917944
2.24875  0.917847
2.252  0.917752
2.25525  0.917658
2.2585  0.917565
2.26175  0.917474
2.265  0.917383
2.26825  0.917294
2.2715  0.917207
2.27475  0.91712
2.278  0.917035
2.28125  0.916951
2.2845  0.916868
2.28775  0.916787
2.291  0.916706
2.29425  0.916627
2.2975  0.916549
2.30075  0.916472
2.304  0.916397
2.30725  0.916322
2.3105  0.916249
2.31375  0.916177
2.317  0.916106
2.32025  0.916036
2.3235  0.915967
2.32675  0.9159
2.33  0.915833
2.33325  0.915768
2.3365  0.915704
2.33975  0.915641
2.343  0.915579
2.34625  0.915518
2.3495  0.915458
2.35275  0.915399
2.356  0.915342
2.35925  0.915285
2.3625  0.915229
2.36575  0.915175
2.369  0.915121
2.37225  0.915069
2.3755  0.915018
2.37875  0.914967
2.382  0.914918
2.38525  0.914869
2.3885  0.914822
2.39175  0.914776
2.395  0.91473
2.39825  0.914686
2.4015  0.914643
2.40475  0.9146
2.408  0.914559
2.41125  0.914518
2.4145  0.914479
2.41775  0.91444
2.421  0.914402
2.42425  0.914365
2.4275  0.91433
2.43075  0.914295
2.434  0.914261
2.43725  0.914228
2.4405  0.914196
2.44375  0.914164
2.447  0.914134
2.45025  0.914104
2.4535  0.914076
2.45675  0.914048
2.46  0.914021
2.46325  0.913995
2.4665  0.91397
2.46975  0.913946
2.473  0.913922
2.47625  0.913899
2.4795  0.913878
2.48275  0.913857
2.486  0.913836
2.48925  0.913817
2.4925  0.913799
2.49575  0.913781
2.499  0.913764
2.50225  0.913748
2.5055  0.913732
2.50875  0.913718
2.512  0.913704
2.51525  0.913691
2.5185  0.913679
2.52175  0.913667
2.525  0.913656
2.52825  0.913646
2.5315  0.913637
2.53475  0.913628
2.538  0.913621
2.54125  0.913613
2.5445  0.913607
2.54775  0.913601
2.551  0.913596
2.55425  0.913592
2.5575  0.913589
2.56075  0.913586
2.564  0.913584
2.56725  0.913582
2.5705  0.913581
2.57375  0.913581
2.577  0.913582
2.58025  0.913583
2.5835  0.913585
2.58675  0.913587
2.59  0.913591
2.59325  0.913594
2.5965  0.913599
2.59975  0.913604
2.603  0.91361
2.60625  0.913616
2.6095  0.913623
2.61275  0.913631
2.616  0.913639
2.61925  0.913648
2.6225  0.913657
2.62575  0.913667
2.629  0.913678
2.63225  0.913689
2.6355  0.913701
2.63875  0.913713
2.642  0.913726
2.64525  0.913739
2.6485  0.913753
2.65175  0.913768
2.655  0.913783
2.65825  0.913799
2.6615  0.913815
2.66475  0.913832
2.668  0.913849
2.67125  0.913867
2.6745  0.913886
2.67775  0.913905
2.681  0.913924
2.68425  0.913944
2.6875  0.913965
2.69075  0.913986
2.694  0.914007
2.69725  0.914029
2.7005  0.914052
2.70375  0.914075
2.707  0.914098
2.71025  0.914122
2.7135  0.914147
2.71675  0.914172
2.72  0.914197
2.72325  0.914223
2.7265  0.914249
2.72975  0.914276
2.733  0.914303
2.73625  0.914331
2.7395  0.914359
2.74275  0.914388
2.746  0.914417
2.74925  0.914447
2.7525  0.914476
2.75575  0.914507
2.759  0.914538
2.76225  0.914569
2.7655  0.914601
2.76875  0.914633
2.772  0.914665
2.77525  0.914698
2.7785  0.914731
2.78175  0.914765
2.785  0.914799
2.78825  0.914834
2.7915  0.914869
2.79475  0.914904
2.798  0.91494
2.80125  0.914976
2.8045  0.915012
2.80775  0.915049
2.811  0.915086
2.81425  0.915124
2.8175  0.915162
2.82075  0.9152
2.824  0.915239
2.82725  0.915278
2.8305  0.915317
2.83375  0.915357
2.837  0.915397
2.84025  0.915438
2.8435  0.915478
2.84675  0.915519
2.85  0.915561
2.85325  0.915603
2.8565  0.915645
2.85975  0.915687
2.863  0.91573
2.86625  0.915773
2.8695  0.915817
2.87275  0.91586
2.876  0.915904
2.87925  0.915949
2.8825  0.915993
2.88575  0.916038
2.889  0.916084
2.89225  0.916129
2.8955  0.916175
2.89875  0.916221
2.902  0.916268
2.90525  0.916314
2.9085  0.916361
2.91175  0.916409
2.915  0.916456
2.91825  0.916504
2.9215  0.916552
2.92475  0.916601
2.928  0.916649
2.93125  0.916698
2.9345  0.916747
2.93775  0.916797
2.941  0.916847
2.94425  0.916897
2.9475  0.916947
2.95075  0.916997
2.954  0.917048
2.95725  0.917099
2.9605  0.91715
2.96375  0.917202
2.967  0.917253
2.97025  0.917305
2.9735  0.917357
2.97675  0.91741
2.98  0.917462
2.98325  0.917515
2.9865  0.917568
2.98975  0.917622
2.993  0.917675
2.99625  0.917729
2.9995  0.917783
3.00275  0.917837
3.006  0.917892
3.00925  0.917946
3.0125  0.918001
3.01575  0.918056
3.019  0.918111
3.02225  0.918167
3.0255  0.918222
3.02875  0.918278
3.032  0.918334
3.03525  0.91839
3.0385  0.918447
3.04175  0.918503
3.045  0.91856
3.04825  0.918617
3.0515  0.918674
3.05475  0.918731
3.058  0.918789
3.06125  0.918847
3.0645  0.918904
3.06775  0.918962
3.071  0.919021
3.07425  0.919079
3.0775  0.919137
3.08075  0.919196
3.084  0.919255
3.08725  0.919314
3.0905  0.919373
3.09375  0.919433
3.097  0.919492
3.10025  0.919552
3.1035  0.919611
3.10675  0.919671
3.11  0.919731
3.11325  0.919792
3.1165  0.919852
3.11975  0.919913
3.123  0.919973
3.12625  0.920034
3.1295  0.920095
3.13275  0.920156
3.136  0.920217
3.13925  0.920279
3.1425  0.92034
3.14575  0.920402
3.149  0.920464
3.15225  0.920525
3.1555  0.920587
3.15875  0.92065
3.162  0.920712
3.16525  0.920774
3.1685  0.920837
3.17175  0.920899
3.175  0.920962
3.17825  0.921025
3.1815  0.921088
3.18475  0.921151
3.188  0.921214
3.19125  0.921277
3.1945  0.921341
3.19775  0.921404
3.201  0.921468
3.20425  0.921531
3.2075  0.921595
3.21075  0.921659
3.214  0.921723
3.21725  0.921787
3.2205  0.921851
3.22375  0.921916
3.227  0.92198
3.23025  0.922044
3.2335  0.922109
3.23675  0.922174
3.24  0.922238
3.24325  0.922303
3.2465  0.922368
3.24975  0.922433
3.253  0.922498
3.25625  0.922563
3.2595  0.922628
3.26275  0.922694
3.266  0.922759
3.26925  0.922825
3.2725  0.92289
3.27575  0.922956
3.279  0.923021
3.28225  0.923087
3.2855  0.923153
3.28875  0.923219
3.292  0.923285
3.29525  0.923351
3.2985  0.923417
3.30175  0.923483
3.305  0.923549
3.30825  0.923616
3.3115  0.923682
3.31475  0.923748
3.318  0.923815
3.32125  0.923881
3.3245  0.923948
3.32775  0.924014
3.331  0.924081
3.33425  0.924148
3.3375  0.924215
3.34075  0.924281
3.344  0.924348
3.34725  0.924415
3.3505  0.924482
3.35375  0.924549
3.357  0.924616
3.36025  0.924684
3.3635  0.924751
3.36675  0.924818
3.37  0.924885
3.37325  0.924952
3.3765  0.92502
3.37975  0.925087
3.383  0.925155
3.38625  0.925222
3.3895  0.925289
3.39275  0.925357
3.396  0.925425
3.39925  0.925492
3.4025  0.92556
3.40575  0.925627
3.409  0.925695
3.41225  0.925763
3.4155  0.925831
3.41875  0.925898
3.422  0.925966
3.42525  0.926034
3.4285  0.926102
3.43175  0.92617
3.435  0.926238
3.43825  0.926305
3.4415  0.926373
3.44475  0.926441
3.448  0.926509
3.45125  0.926577
3.4545  0.926645
3.45775  0.926713
3.461  0.926782
3.46425  0.92685
3.4675  0.926918
3.47075  0.926986
3.474  0.927054
3.47725  0.927122
3.4805  0.92719
3.48375  0.927258
3.487  0.927327
3.49025  0.927395
3.4935  0.927463
3.49675  0.927531
3.5  0.927599
3.50325  0.927668
3.5065  0.927736
3.50975  0.927804
3.513  0.927872
3.51625  0.92794
3.5195  0.928009
3.52275  0.928077
3.526  0.928145
3.52925  0.928214
3.5325  0.928282
3.53575  0.92835
3.539  0.928418
3.54225  0.928487
3.5455  0.928555
3.54875  0.928623
3.552  0.928691
3.55525  0.92876
3.5585  0.928828
3.56175  0.928896
3.565  0.928964
3.56825  0.929033
3.5715  0.929101
3.57475  0.929169
3.578  0.929237
3.58125  0.929305
3.5845  0.929374
3.58775  0.929442
3.591  0.92951
3.59425  0.929578
3.5975  0.929646
3.60075  0.929714
3.604  0.929783
3.60725  0.929851
3.6105  0.929919
3.61375  0.929987
3.617  0.930055
3.62025  0.930123
3.6235  0.930191
3.62675  0.930259
3.63  0.930327
3.63325  0.930395
3.6365  0.930463
3.63975  0.930531
3.643  0.930599
3.64625  0.930667
3.6495  0.930735
3.65275  0.930803
3.656  0.930871
3.65925  0.930939
3.6625  0.931007
3.66575  0.931074
3.669  0.931142
3.67225  0.93121
3.6755  0.931278
3.67875  0.931345
3.682  0.931413
3.68525  0.931481
3.6885  0.931548
3.69175  0.931616
3.695  0.931684
3.69825  0.931751
3.7015  0.931819
3.70475  0.931886
3.708  0.931954
3.71125  0.932021
3.7145  0.932089
3.71775  0.932156
3.721  0.932224
3.72425  0.932291
3.7275  0.932358
3.73075  0.932426
3.734  0.932493
3.73725  0.93256
3.7405  0.932627
3.74375  0.932695
3.747  0.932762
3.75025  0.932829
3.7535  0.932896
3.75675  0.932963
3.76  0.93303
3.76325  0.933097
3.7665  0.933164
3.76975  0.933231
3.773  0.933298
3.77625  0.933365
3.7795  0.933431
3.78275  0.933498
3.786  0.933565
3.78925  0.933632
3.7925  0.933698
3.79575  0.933765
3.799  0.933832
3.80225  0.933898
3.8055  0.933965
3.80875  0.934031
3.812  0.934098
3.81525  0.934164
3.8185  0.93423
3.82175  0.934297
3.825  0.934363
3.82825  0.934429
3.8315  0.934495
3.83475  0.934562
3.838  0.934628
3.84125  0.934694
3.8445  0.93476
3.84775  0.934826
3.851  0.934892
3.85425  0.934958
3.8575  0.935024
3.86075  0.935089
3.864  0.935155
3.86725  0.935221
3.8705  0.935287
3.87375  0.935352
3.877  0.935418
3.88025  0.935484
3.8835  0.935549
3.88675  0.935615
3.89  0.93568
3.89325  0.935745
3.8965  0.935811
3.89975  0.935876
3.903  0.935941
3.90625  0.936006
3.9095  0.936072
3.91275  0.936137
3.916  0.936202
3.91925  0.936267
3.9225  0.936332
3.92575  0.936397
3.929  0.936462
3.93225  0.936526
3.9355  0.936591
3.93875  0.936656
3.942  0.936721
3.94525  0.936785
3.9485  0.93685
3.95175  0.936914
3.955  0.936979
3.95825  0.937043
3.9615  0.937108
3.96475  0.937172
3.968  0.937236
3.97125  0.937301
3.9745  0.937365
3.97775  0.937429
3.981  0.937493
3.98425  0.937557
3.9875  0.937621
3.99075  0.937685
3.994  0.937749
3.99725  0.937813
4.0005  0.937876
4.00375  0.93794
4.007  0.938004
4.01025  0.938067
4.0135  0.938131
4.01675  0.938194
4.02  0.938258
4.02325  0.938321
4.0265  0.938385
4.02975  0.938448
4.033  0.938511
4.03625  0.938574
4.0395  0.938638
4.04275  0.938701
4.046  0.938764
4.04925  0.938827
4.0525  0.93889
4.05575  0.938952
4.059  0.939015
4.06225  0.939078
4.0655  0.939141
4.06875  0.939203
4.072  0.939266
4.07525  0.939328
4.0785  0.939391
4.08175  0.939453
4.085  0.939516
4.08825  0.939578
4.0915  0.93964
4.09475  0.939702
4.098  0.939765
4.10125  0.939827
4.1045  0.939889
4.10775  0.939951
4.111  0.940013
4.11425  0.940074
4.1175  0.940136
4.12075  0.940198
4.124  0.94026
4.12725  0.940321
4.1305  0.940383
4.13375  0.940444
4.137  0.940506
4.14025  0.940567
4.1435  0.940629
4.14675  0.94069
4.15  0.940751
4.15325  0.940812
4.1565  0.940873
4.15975  0.940934
4.163  0.940995
4.16625  0.941056
4.1695  0.941117
4.17275  0.941178
4.176  0.941239
4.17925  0.941299
4.1825  0.94136
4.18575  0.941421
4.189  0.941481
4.19225  0.941542
4.1955  0.941602
4.19875  0.941662
4.202  0.941723
4.20525  0.941783
4.2085  0.941843
4.21175  0.941903
4.215  0.941963
4.21825  0.942023
4.2215  0.942083
4.22475  0.942143
4.228  0.942203
4.23125  0.942262
4.2345  0.942322
4.23775  0.942382
4.241  0.942441
4.24425  0.942501
4.2475  0.94256
4.25075  0.94262
4.254  0.942679
4.25725  0.942738
4.2605  0.942797
4.26375  0.942857
4.267  0.942916
4.27025  0.942975
4.2735  0.943034
4.27675  0.943093
4.28  0.943151
4.28325  0.94321
4.2865  0.943269
4.28975  0.943327
4.293  0.943386
4.29625  0.943445
4.2995  0.943503
4.30275  0.943561
4.306  0.94362
4.30925  0.943678
4.3125  0.943736
4.31575  0.943794
4.319  0.943853
4.32225  0.943911
4.3255  0.943969
4.32875  0.944027
4.332  0.944084
4.33525  0.944142
4.3385  0.9442
4.34175  0.944258
4.345  0.944315
4.34825  0.944373
4.3515  0.94443
4.35475  0.944488
4.358  0.944545
4.36125  0.944602
4.3645  0.944659
4.36775  0.944717
4.371  0.944774
4.37425  0.944831
4.3775  0.944888
4.38075  0.944945
4.384  0.945002
4.38725  0.945058
4.3905  0.945115
4.39375  0.945172
4.397  0.945228
4.40025  0.945285
4.4035  0.945341
4.40675  0.945398
4.41  0.945454
4.41325  0.945511
4.4165  0.945567
4.41975  0.945623
4.423  0.945679
4.42625  0.945735
4.4295  0.945791
4.43275  0.945847
4.436  0.945903
4.43925  0.945959
4.4425  0.946015
4.44575  0.94607
4.449  0.946126
4.45225  0.946181
4.4555  0.946237
4.45875  0.946292
4.462  0.946348
4.46525  0.946403
4.4685  0.946458
4.47175  0.946513
4.475  0.946569
4.47825  0.946624
4.4815  0.946679
4.48475  0.946734
4.488  0.946788
4.49125  0.946843
4.4945  0.946898
4.49775  0.946953
4.501  0.947007
4.50425  0.947062
4.5075  0.947116
4.51075  0.947171
4.514  0.947225
4.51725  0.947279
4.5205  0.947334
4.52375  0.947388
4.527  0.947442
4.53025  0.947496
4.5335  0.94755
4.53675  0.947604
4.54  0.947658
4.54325  0.947712
4.5465  0.947766
4.54975  0.947819
4.553  0.947873
4.55625  0.947926
4.5595  0.94798
4.56275  0.948033
4.566  0.948087
4.56925  0.94814
4.5725  0.948193
4.57575  0.948247
4.579  0.9483
4.58225  0.948353
4.5855  0.948406
4.58875  0.948459
4.592  0.948512
4.59525  0.948564
4.5985  0.948617
4.60175  0.94867
4.605  0.948723
4.60825  0.948775
4.6115  0.948828
4.61475  0.94888
4.618  0.948932
4.62125  0.948985
4.6245  0.949037
4.62775  0.949089
4.631  0.949141
4.63425  0.949194
4.6375  0.949246
4.64075  0.949298
4.644  0.949349
4.64725  0.949401
4.6505  0.949453
4.65375  0.949505
4.657  0.949556
4.66025  0.949608
4.6635  0.94966
4.66675  0.949711
4.67  0.949762
4.67325  0.949814
4.6765  0.949865
4.67975  0.949916
4.683  0.949967
4.68625  0.950019
4.6895  0.95007
4.69275  0.950121
4.696  0.950172
4.69925  0.950222
4.7025  0.950273
4.70575  0.950324
4.709  0.950375
4.71225  0.950425
4.7155  0.950476
4.71875  0.950526
4.722  0.950577
4.72525  0.950627
4.7285  0.950677
4.73175  0.950728
4.735  0.950778
4.73825  0.950828
4.7415  0.950878
4.74475  0.950928
4.748  0.950978
4.75125  0.951028
4.7545  0.951078
4.75775  0.951128
4.761  0.951177
4.76425  0.951227
4.7675  0.951277
4.77075  0.951326
4.774  0.951376
4.77725  0.951425
4.7805  0.951474
4.78375  0.951524
4.787  0.951573
4.79025  0.951622
4.7935  0.951671
4.79675  0.95172
4.8  0.951769
4.80325  0.951818
4.8065  0.951867
4.80975  0.951916
4.813  0.951965
4.81625  0.952013
4.8195  0.952062
4.82275  0.95211
4.826  0.952159
4.82925  0.952207
4.8325  0.952256
4.83575  0.952304
4.839  0.952353
4.84225  0.952401
4.8455  0.952449
4.84875  0.952497
4.852  0.952545
4.85525  0.952593
4.8585  0.952641
4.86175  0.952689
4.865  0.952737
4.86825  0.952784
4.8715  0.952832
4.87475  0.95288
4.878  0.952927
4.88125  0.952975
4.8845  0.953022
4.88775  0.95307
4.891  0.953117
4.89425  0.953164
4.8975  0.953212
4.90075  0.953259
4.904  0.953306
4.90725  0.953353
4.9105  0.9534
4.91375  0.953447
4.917  0.953494
4.92025  0.95354
4.9235  0.953587
4.92675  0.953634
4.93  0.953681
4.93325  0.953727
4.9365  0.953774
4.93975  0.95382
4.943  0.953867
4.94625  0.953913
4.9495  0.953959
4.95275  0.954006
4.956  0.954052
4.95925  0.954098
4.9625  0.954144
4.96575  0.95419
4.969  0.954236
4.97225  0.954282
4.9755  0.954328
4.97875  0.954373
4.982  0.954419
4.98525  0.954465
4.9885  0.95451
4.99175  0.954556
4.995  0.954601
4.99825  0.954647
5.0015  0.954692
5.00475  0.954738
5.008  0.954783
5.01125  0.954828
5.0145  0.954873
5.01775  0.954918
5.021  0.954963
5.02425  0.955008
5.0275  0.955053
5.03075  0.955098
5.034  0.955143
5.03725  0.955188
5.0405  0.955233
5.04375  0.955277
5.047  0.955322
5.05025  0.955366
5.0535  0.955411
5.05675  0.955455
5.06  0.9555
5.06325  0.955544
5.0665  0.955588
5.06975  0.955633
5.073  0.955677
5.07625  0.955721
5.0795  0.955765
5.08275  0.955809
5.086  0.955853
5.08925  0.955897
5.0925  0.95594
5.09575  0.955984
5.099  0.956028
5.10225  0.956072
5.1055  0.956115
5.10875  0.956159
5.112  0.956202
5.11525  0.956246
5.1185  0.956289
5.12175  0.956332
5.125  0.956376
5.12825  0.956419
5.1315  0.956462
5.13475  0.956505
5.138  0.956548
5.14125  0.956591
5.1445  0.956634
5.14775  0.956677
5.151  0.95672
5.15425  0.956763
5.1575  0.956806
5.16075  0.956848
5.164  0.956891
5.16725  0.956933
5.1705  0.956976
5.17375  0.957018
5.177  0.957061
5.18025  0.957103
5.1835  0.957146
5.18675  0.957188
5.19  0.95723
5.19325  0.957272
5.1965  0.957314
5.19975  0.957356
5.203  0.957398
5.20625  0.95744
5.2095  0.957482
5.21275  0.957524
5.216  0.957566
5.21925  0.957608
5.2225  0.957649
5.22575  0.957691
5.229  0.957732
5.23225  0.957774
5.2355  0.957815
5.23875  0.957857
5.242  0.957898
5.24525  0.957939
5.2485  0.957981
5.25175  0.958022
5.255  0.958063
5.25825  0.958104
5.2615  0.958145
5.26475  0.958186
5.268  0.958227
5.27125  0.958268
5.2745  0.958309
5.27775  0.95835
5.281  0.95839
5.28425  0.958431
5.2875  0.958472
5.29075  0.958512
5.294  0.958553
5.29725  0.958593
5.3005  0.958634
5.30375  0.958674
5.307  0.958715
5.31025  0.958755
5.3135  0.958795
5.31675  0.958835
5.32  0.958875
5.32325  0.958915
5.3265  0.958955
5.32975  0.958995
5.333  0.959035
5.33625  0.959075
5.3395  0.959115
5.34275  0.959155
5.346  0.959195
5.34925  0.959234
5.3525  0.959274
5.35575  0.959313
5.359  0.959353
5.36225  0.959392
5.3655  0.959432
5.36875  0.959471
5.372  0.959511
5.37525  0.95955
5.3785  0.959589
5.38175  0.959628
5.385  0.959667
5.38825  0.959706
5.3915  0.959745
5.39475  0.959784
5.398  0.959823
5.40125  0.959862
5.4045  0.959901
5.40775  0.95994
5.411  0.959979
5.41425  0.960017
5.4175  0.960056
5.42075  0.960094
5.424  0.960133
5.42725  0.960171
5.4305  0.96021
5.43375  0.960248
5.437  0.960287
5.44025  0.960325
5.4435  0.960363
5.44675  0.960401
5.45  0.96044
5.45325  0.960478
5.4565  0.960516
5.45975  0.960554
5.463  0.960592
5.46625  0.96063
5.4695  0.960667
5.47275  0.960705
5.476  0.960743
5.47925  0.960781
5.4825  0.960818
5.48575  0.960856
5.489  0.960894
5.49225  0.960931
5.4955  0.960969
5.49875  0.961006
5.502  0.961043
5.50525  0.961081
5.5085  0.961118
5.51175  0.961155
5.515  0.961192
5.51825  0.96123
5.5215  0.961267
5.52475  0.961304
5.528  0.961341
5.53125  0.961378
5.5345  0.961415
5.53775  0.961451
5.541  0.961488
5.54425  0.961525
5.5475  0.961562
5.55075  0.961598
5.554  0.961635
5.55725  0.961672
5.5605  0.961708
5.56375  0.961745
5.567  0.961781
5.57025  0.961818
5.5735  0.961854
5.57675  0.96189
5.58  0.961926
5.58325  0.961963
5.5865  0.961999
5.58975  0.962035
5.593  0.962071
5.59625  0.962107
5.5995  0.962143
5.60275  0.962179
5.606  0.962215
5.60925  0.962251
5.6125  0.962287
5.61575  0.962322
5.619  0.962358
5.62225  0.962394
5.6255  0.962429
5.62875  0.962465
5.632  0.962501
5.63525  0.962536
5.6385  0.962571
5.64175  0.962607
5.645  0.962642
5.64825  0.962678
5.6515  0.962713
5.65475  0.962748
5.658  0.962783
5.66125  0.962818
5.6645  0.962853
5.66775  0.962888
5.671  0.962923
5.67425  0.962958
5.6775  0.962993
5.68075  0.963028
5.684  0.963063
5.68725  0.963098
5.6905  0.963133
5.69375  0.963167
5.697  0.963202
5.70025  0.963237
5.7035  0.963271
5.70675  0.963306
5.71  0.96334
5.71325  0.963375
5.7165  0.963409
5.71975  0.963443
5.723  0.963478
5.72625  0.963512
5.7295  0.963546
5.73275  0.96358
5.736  0.963614
5.73925  0.963648
5.7425  0.963683
5.74575  0.963717
5.749  0.96375
5.75225  0.963784
5.7555  0.963818
5.75875  0.963852
5.762  0.963886
5.76525  0.96392
5.7685  0.963953
5.77175  0.963987
5.775  0.964021
5.77825  0.964054
5.7815  0.964088
5.78475  0.964121
5.788  0.964155
5.79125  0.964188
5.7945  0.964221
5.79775  0.964255
5.801  0.964288
5.80425  0.964321
5.8075  0.964355
5.81075  0.964388
5.814  0.964421
5.81725  0.964454
5.8205  0.964487
5.82375  0.96452
5.827  0.964553
5.83025  0.964586
5.8335  0.964619
5.83675  0.964651
5.84  0.964684
5.84325  0.964717
5.8465  0.96475
5.84975  0.964782
5.853  0.964815
5.85625  0.964848
5.8595  0.96488
5.86275  0.964913
5.866  0.964945
5.86925  0.964977
5.8725  0.96501
5.87575  0.965042
5.879  0.965074
5.88225  0.965107
5.8855  0.965139
5.88875  0.965171
5.892  0.965203
5.89525  0.965235
5.8985  0.965267
5.90175  0.965299
5.905  0.965331
5.90825  0.965363
5.9115  0.965395
5.91475  0.965427
5.918  0.965459
5.92125  0.965491
5.9245  0.965522
5.92775  0.965554
5.931  0.965586
5.93425  0.965617
5.9375  0.965649
5.94075  0.96568
5.944  0.965712
5.94725  0.965743
5.9505  0.965775
5.95375  0.965806
5.957  0.965838
5.96025  0.965869
5.9635  0.9659
5.96675  0.965931
5.97  0.965963
5.97325  0.965994
5.9765  0.966025
5.97975  0.966056
5.983  0.966087
5.98625  0.966118
5.9895  0.966149
5.99275  0.96618
5.996  0.966211
5.99925  0.966241
6.0025  0.966272
6.00575  0.966303
6.009  0.966334
6.01225  0.966364
6.0155  0.966395
6.01875  0.966426
6.022  0.966456
6.02525  0.966487
6.0285  0.966517
6.03175  0.966548
6.035  0.966578
6.03825  0.966609
6.0415  0.966639
6.04475  0.966669
6.048  0.966699
6.05125  0.96673
6.0545  0.96676
6.05775  0.96679
6.061  0.96682
6.06425  0.96685
6.0675  0.96688
6.07075  0.96691
6.074  0.96694
6.07725  0.96697
6.0805  0.967
6.08375  0.96703
6.087  0.96706
6.09025  0.96709
6.0935  0.967119
6.09675  0.967149
6.1  0.967179
6.10325  0.967208
6.1065  0.967238
6.10975  0.967267
6.113  0.967297
6.11625  0.967326
6.1195  0.967356
6.12275  0.967385
6.126  0.967415
6.12925  0.967444
6.1325  0.967473
6.13575  0.967503
6.139  0.967532
6.14225  0.967561
6.1455  0.96759
6.14875  0.967619
6.152  0.967648
6.15525  0.967678
6.1585  0.967707
6.16175  0.967736
6.165  0.967764
6.16825  0.967793
6.1715  0.967822
6.17475  0.967851
6.178  0.96788
6.18125  0.967909
6.1845  0.967937
6.18775  0.967966
6.191  0.967995
6.19425  0.968023
6.1975  0.968052
6.20075  0.968081
6.204  0.968109
6.20725  0.968138
6.2105  0.968166
6.21375  0.968194
6.217  0.968223
6.22025  0.968251
6.2235  0.968279
6.22675  0.968308
6.23  0.968336
6.23325  0.968364
6.2365  0.968392
6.23975  0.96842
6.243  0.968449
6.24625  0.968477
6.2495  0.968505
6.25275  0.968533
6.256  0.968561
6.25925  0.968589
6.2625  0.968616
6.26575  0.968644
6.269  0.968672
6.27225  0.9687
6.2755  0.968728
6.27875  0.968755
6.282  0.968783
6.28525  0.968811
6.2885  0.968838
6.29175  0.968866
6.295  0.968894
6.29825  0.968921
6.3015  0.968949
6.30475  0.968976
6.308  0.969003
6.31125  0.969031
6.3145  0.969058
6.31775  0.969086
6.321  0.969113
6.32425  0.96914
6.3275  0.969167
6.33075  0.969194
6.334  0.969222
6.33725  0.969249
6.3405  0.969276
6.34375  0.969303
6.347  0.96933
6.35025  0.969357
6.3535  0.969384
6.35675  0.969411
6.36  0.969438
6.36325  0.969465
6.3665  0.969491
6.36975  0.969518
6.373  0.969545
6.37625  0.969572
6.3795  0.969598
6.38275  0.969625
6.386  0.969652
6.38925  0.969678
6.3925  0.969705
6.39575  0.969731
6.399  0.969758
6.40225  0.969784
6.4055  0.969811
6.40875  0.969837
6.412  0.969864
6.41525  0.96989
6.4185  0.969916
6.42175  0.969942
6.425  0.969969
6.42825  0.969995
6.4315  0.970021
6.43475  0.970047
6.438  0.970073
6.44125  0.970099
6.4445  0.970125
6.44775  0.970152
6.451  0.970178
6.45425  0.970203
6.4575  0.970229
6.46075  0.970255
6.464  0.970281
6.46725  0.970307
6.4705  0.970333
6.47375  0.970359
6.477  0.970384
6.48025  0.97041
6.4835  0.970436
6.48675  0.970461
6.49  0.970487
6.49325  0.970513
6.4965  0.970538
6.49975  0.970564
6.503  0.970589
6.50625  0.970615
6.5095  0.97064
6.51275  0.970665
6.516  0.970691
6.51925  0.970716
6.5225  0.970741
6.52575  0.970767
6.529  0.970792
6.53225  0.970817
6.5355  0.970842
6.53875  0.970867
6.542  0.970893
6.54525  0.970918
6.5485  0.970943
6.55175  0.970968
6.555  0.970993
6.55825  0.971018
6.5615  0.971043
6.56475  0.971068
6.568  0.971093
6.57125  0.971117
6.5745  0.971142
6.57775  0.971167
6.581  0.971192
6.58425  0.971217
6.5875  0.971241
6.59075  0.971266
6.594  0.971291
6.59725  0.971315
6.6005  0.97134
6.60375  0.971364
6.607  0.971389
6.61025  0.971413
6.6135  0.971438
6.61675  0.971462
6.62  0.971487
6.62325  0.971511
6.6265  0.971535
6.62975  0.97156
6.633  0.971584
6.63625  0.971608
6.6395  0.971633
6.64275  0.971657
6.646  0.971681
6.64925  0.971705
6.6525  0.971729
6.65575  0.971753
6.659  0.971777
6.66225  0.971801
6.6655  0.971825
6.66875  0.971849
6.672  0.971873
6.67525  0.971897
6.6785  0.971921
6.68175  0.971945
6.685  0.971969
6.68825  0.971993
6.6915  0.972016
6.69475  0.97204
6.698  0.972064
6.70125  0.972088
6.7045  0.972111
6.70775  0.972135
6.711  0.972158
6.71425  0.972182
6.7175  0.972206
6.72075  0.972229
6.724  0.972253
6.72725  0.972276
6.7305  0.9723
6.73375  0.972323
6.737  0.972346
6.74025  0.97237
6.7435  0.972393
6.74675  0.972416
6.75  0.97244
6.75325  0.972463
6.7565  0.972486
6.75975  0.972509
6.763  0.972532
6.76625  0.972556
6.7695  0.972579
6.77275  0.972602
6.776  0.972625
6.77925  0.972648
6.7825  0.972671
6.78575  0.972694
6.789  0.972717
6.79225  0.97274
6.7955  0.972763
6.79875  0.972785
6.802  0.972808
6.80525  0.972831
6.8085  0.972854
6.81175  0.972877
6.815  0.972899
6.81825  0.972922
6.8215  0.972945
6.82475  0.972967
6.828  0.97299
6.83125  0.973013
6.8345  0.973035
6.83775  0.973058
6.841  0.97308
6.84425  0.973103
6.8475  0.973125
6.85075  0.973148
6.854  0.97317
6.85725  0.973192
6.8605  0.973215
6.86375  0.973237
6.867  0.973259
6.87025  0.973282
6.8735  0.973304
6.87675  0.973326
6.88  0.973348
6.88325  0.973371
6.8865  0.973393
6.88975  0.973415
6.893  0.973437
6.89625  0.973459
6.8995  0.973481
6.90275  0.973503
6.906  0.973525
6.90925  0.973547
6.9125  0.973569
6.91575  0.973591
6.919  0.973613
6.92225  0.973635
6.9255  0.973656
6.92875  0.973678
6.932  0.9737
6.93525  0.973722
6.9385  0.973744
6.94175  0.973765
6.945  0.973787
6.94825  0.973809
6.9515  0.97383
6.95475  0.973852
6.958  0.973873
6.96125  0.973895
6.9645  0.973917
6.96775  0.973938
6.971  0.97396
6.97425  0.973981
6.9775  0.974002
6.98075  0.974024
6.984  0.974045
6.98725  0.974067
6.9905  0.974088
6.99375  0.974109
6.997  0.97413
7.00025  0.974152
7.0035  0.974173
7.00675  0.974194
7.01  0.974215
7.01325  0.974237
7.0165  0.974258
7.01975  0.974279
7.023  0.9743
7.02625  0.974321
7.0295  0.974342
7.03275  0.974363
7.036  0.974384
7.03925  0.974405
7.0425  0.974426
7.04575  0.974447
7.049  0.974468
7.05225  0.974489
7.0555  0.974509
7.05875  0.97453
7.062  0.974551
7.06525  0.974572
7.0685  0.974593
7.07175  0.974613
7.075  0.974634
7.07825  0.974655
7.0815  0.974675
7.08475  0.974696
7.088  0.974717
7.09125  0.974737
7.0945  0.974758
7.09775  0.974778
7.101  0.974799
7.10425  0.974819
7.1075  0.97484
7.11075  0.97486
7.114  0.974881
7.11725  0.974901
7.1205  0.974921
7.12375  0.974942
7.127  0.974962
7.13025  0.974982
7.1335  0.975003
7.13675  0.975023
7.14  0.975043
7.14325  0.975063
7.1465  0.975083
7.14975  0.975104
7.153  0.975124
7.15625  0.975144
7.1595  0.975164
7.16275  0.975184
7.166  0.975204
7.16925  0.975224
7.1725  0.975244
7.17575  0.975264
7.179  0.975284
7.18225  0.975304
7.1855  0.975324
7.18875  0.975344
7.192  0.975364
7.19525  0.975383
7.1985  0.975403
7.20175  0.975423
7.205  0.975443
7.20825  0.975463
7.2115  0.975482
7.21475  0.975502
7.218  0.975522
7.22125  0.975541
7.2245  0.975561
7.22775  0.975581
7.231  0.9756
7.23425  0.97562
7.2375  0.975639
7.24075  0.975659
7.244  0.975678
7.24725  0.975698
7.2505  0.975717
7.25375  0.975737
7.257  0.975756
7.26025  0.975775
7.2635  0.975795
7.26675  0.975814
7.27  0.975833
7.27325  0.975853
7.2765  0.975872
7.27975  0.975891
7.283  0.975911
7.28625  0.97593
7.2895  0.975949
7.29275  0.975968
7.296  0.975987
7.29925  0.976006
7.3025  0.976026
7.30575  0.976045
7.309  0.976064
7.31225  0.976083
7.3155  0.976102
7.31875  0.976121
7.322  0.97614
7.32525  0.976159
7.3285  0.976178
7.33175  0.976197
7.335  0.976215
7.33825  0.976234
7.3415  0.976253
7.34475  0.976272
7.348  0.976291
7.35125  0.97631
7.3545  0.976328
7.35775  0.976347
7.361  0.976366
7.36425  0.976384
7.3675  0.976403
7.37075  0.976422
7.374  0.97644
7.37725  0.976459
7.3805  0.976478
7.38375  0.976496
7.387  0.976515
7.39025  0.976533
7.3935  0.976552
7.39675  0.97657
7.4  0.976589
7.40325  0.976607
7.4065  0.976626
7.40975  0.976644
7.413  0.976662
7.41625  0.976681
7.4195  0.976699
7.42275  0.976717
7.426  0.976736
7.42925  0.976754
7.4325  0.976772
7.43575  0.976791
7.439  0.976809
7.44225  0.976827
7.4455  0.976845
7.44875  0.976863
7.452  0.976881
7.45525  0.9769
7.4585  0.976918
7.46175  0.976936
7.465  0.976954
7.46825  0.976972
7.4715  0.97699
7.47475  0.977008
7.478  0.977026
7.48125  0.977044
7.4845  0.977062
7.48775  0.97708
7.491  0.977098
7.49425  0.977115
7.4975  0.977133
7.50075  0.977151
7.504  0.977169
7.50725  0.977187
7.5105  0.977205
7.51375  0.977222
7.517  0.97724
7.52025  0.977258
7.5235  0.977275
7.52675  0.977293
7.53  0.977311
7.53325  0.977328
7.5365  0.977346
7.53975  0.977364
7.543  0.977381
7.54625  0.977399
7.5495  0.977416
7.55275  0.977434
7.556  0.977451
7.55925  0.977469
7.5625  0.977486
7.56575  0.977504
7.569  0.977521
7.57225  0.977539
7.5755  0.977556
7.57875  0.977573
7.582  0.977591
7.58525  0.977608
7.5885  0.977625
7.59175  0.977643
7.595  0.97766
7.59825  0.977677
7.6015  0.977694
7.60475  0.977712
7.608  0.977729
7.61125  0.977746
7.6145  0.977763
7.61775  0.97778
7.621  0.977797
7.62425  0.977814
7.6275  0.977832
7.63075  0.977849
7.634  0.977866
7.63725  0.977883
7.6405  0.9779
7.64375  0.977917
7.647  0.977934
7.65025  0.977951
7.6535  0.977968
7.65675  0.977984
7.66  0.978001
7.66325  0.978018
7.6665  0.978035
7.66975  0.978052
7.673  0.978069
7.67625  0.978086
7.6795  0.978102
7.68275  0.978119
7.686  0.978136
7.68925  0.978153
7.6925  0.978169
7.69575  0.978186
7.699  0.978203
7.70225  0.978219
7.7055  0.978236
7.70875  0.978253
7.712  0.978269
7.71525  0.978286
7.7185  0.978302
7.72175  0.978319
7.725  0.978335
7.72825  0.978352
7.7315  0.978368
7.73475  0.978385
7.738  0.978401
7.74125  0.978418
7.7445  0.978434
7.74775  0.978451
7.751  0.978467
7.75425  0.978483
7.7575  0.9785
7.76075  0.978516
7.764  0.978532
7.76725  0.978549
7.7705  0.978565
7.77375  0.978581
7.777  0.978597
7.78025  0.978614
7.7835  0.97863
7.78675  0.978646
7.79  0.978662
7.79325  0.978678
7.7965  0.978694
7.79975  0.978711
7.803  0.978727
7.80625  0.978743
7.8095  0.978759
7.81275  0.978775
7.816  0.978791
7.81925  0.978807
7.8225  0.978823
7.82575  0.978839
7.829  0.978855
7.83225  0.978871
7.8355  0.978887
7.83875  0.978903
7.842  0.978919
7.84525  0.978934
7.8485  0.97895
7.85175  0.978966
7.855  0.978982
7.85825  0.978998
7.8615  0.979014
7.86475  0.979029
7.868  0.979045
7.87125  0.979061
7.8745  0.979077
7.87775  0.979092
7.881  0.979108
7.88425  0.979124
7.8875  0.979139
7.89075  0.979155
7.894  0.979171
7.89725  0.979186
7.9005  0.979202
7.90375  0.979217
7.907  0.979233
7.91025  0.979248
7.9135  0.979264
7.91675  0.979279
7.92  0.979295
7.92325  0.97931
7.9265  0.979326
7.92975  0.979341
7.933  0.979357
7.93625  0.979372
7.9395  0.979387
7.94275  0.979403
7.946  0.979418
7.94925  0.979434
7.9525  0.979449
7.95575  0.979464
7.959  0.979479
7.96225  0.979495
7.9655  0.97951
7.96875  0.979525
7.972  0.97954
7.97525  0.979556
7.9785  0.979571
7.98175  0.979586
7.985  0.979601
7.98825  0.979616
7.9915  0.979631
7.99475  0.979647
7.998  0.979662
8.00125  0.979677
8.0045  0.979692
8.00775  0.979707
8.011  0.979722
8.01425  0.979737
8.0175  0.979752
8.02075  0.979767
8.024  0.979782
8.02725  0.979797
8.0305  0.979812
8.03375  0.979827
8.037  0.979841
8.04025  0.979856
8.0435  0.979871
8.04675  0.979886
8.05  0.979901
8.05325  0.979916
8.0565  0.979931
8.05975  0.979945
8.063  0.97996
8.06625  0.979975
8.0695  0.97999
8.07275  0.980004
8.076  0.980019
8.07925  0.980034
8.0825  0.980048
8.08575  0.980063
8.089  0.980078
8.09225  0.980092
8.0955  0.980107
8.09875  0.980122
8.102  0.980136
8.10525  0.980151
8.1085  0.980165
8.11175  0.98018
8.115  0.980194
8.11825  0.980209
8.1215  0.980223
8.12475  0.980238
8.128  0.980252
8.13125  0.980267
8.1345  0.980281
8.13775  0.980296
8.141  0.98031
8.14425  0.980324
8.1475  0.980339
8.15075  0.980353
8.154  0.980367
8.15725  0.980382
8.1605  0.980396
8.16375  0.98041
8.167  0.980425
8.17025  0.980439
8.1735  0.980453
8.17675  0.980467
8.18  0.980482
8.18325  0.980496
8.1865  0.98051
8.18975  0.980524
8.193  0.980538
8.19625  0.980553
8.1995  0.980567
8.20275  0.980581
8.206  0.980595
8.20925  0.980609
8.2125  0.980623
8.21575  0.980637
8.219  0.980651
8.22225  0.980665
8.2255  0.980679
8.22875  0.980693
8.232  0.980707
8.23525  0.980721
8.2385  0.980735
8.24175  0.980749
8.245  0.980763
8.24825  0.980777
8.2515  0.980791
8.25475  0.980805
8.258  0.980819
8.26125  0.980832
8.2645  0.980846
8.26775  0.98086
8.271  0.980874
8.27425  0.980888
8.2775  0.980901
8.28075  0.980915
8.284  0.980929
8.28725  0.980943
8.2905  0.980956
8.29375  0.98097
8.297  0.980984
8.30025  0.980998
8.3035  0.981011
8.30675  0.981025
8.31  0.981039
8.31325  0.981052
8.3165  0.981066
8.31975  0.981079
8.323  0.981093
8.32625  0.981107
8.3295  0.98112
8.33275  0.981134
8.336  0.981147
8.33925  0.981161
8.3425  0.981174
8.34575  0.981188
8.349  0.981201
8.35225  0.981215
8.3555  0.981228
8.35875  0.981241
8.362  0.981255
8.36525  0.981268
8.3685  0.981282
8.37175  0.981295
8.375  0.981308
8.37825  0.981322
8.3815  0.981335
8.38475  0.981348
8.388  0.981362
8.39125  0.981375
8.3945  0.981388
8.39775  0.981401
8.401  0.981415
8.40425  0.981428
8.4075  0.981441
8.41075  0.981454
8.414  0.981468
8.41725  0.981481
8.4205  0.981494
8.42375  0.981507
8.427  0.98152
8.43025  0.981533
8.4335  0.981546
8.43675  0.98156
8.44  0.981573
8.44325  0.981586
8.4465  0.981599
8.44975  0.981612
8.453  0.981625
8.45625  0.981638
8.4595  0.981651
8.46275  0.981664
8.466  0.981677
8.46925  0.98169
8.4725  0.981703
8.47575  0.981716
8.479  0.981729
8.48225  0.981742
8.4855  0.981754
8.48875  0.981767
8.492  0.98178
8.49525  0.981793
8.4985  0.981806
8.50175  0.981819
8.505  0.981832
8.50825  0.981844
8.5115  0.981857
8.51475  0.98187
8.518  0.981883
8.52125  0.981895
8.5245  0.981908
8.52775  0.981921
8.531  0.981934
8.53425  0.981946
8.5375  0.981959
8.54075  0.981972
8.544  0.981984
8.54725  0.981997
8.5505  0.98201
8.55375  0.982022
8.557  0.982035
8.56025  0.982048
8.5635  0.98206
8.56675  0.982073
8.57  0.982085
8.57325  0.982098
8.5765  0.98211
8.57975  0.982123
8.583  0.982135
8.58625  0.982148
8.5895  0.98216
8.59275  0.982173
8.596  0.982185
8.59925  0.982198
8.6025  0.98221
8.60575  0.982223
8.609  0.982235
8.61225  0.982247
8.6155  0.98226
8.61875  0.982272
8.622  0.982285
8.62525  0.982297
8.6285  0.982309
8.63175  0.982322
8.635  0.982334
8.63825  0.982346
8.6415  0.982358
8.64475  0.982371
8.648  0.982383
8.65125  0.982395
8.6545  0.982407
8.65775  0.98242
8.661  0.982432
8.66425  0.982444
8.6675  0.982456
8.67075  0.982468
8.674  0.982481
8.67725  0.982493
8.6805  0.982505
8.68375  0.982517
8.687  0.982529
8.69025  0.982541
8.6935  0.982553
8.69675  0.982565
8.7  0.982577
8.70325  0.98259
8.7065  0.982602
8.70975  0.982614
8.713  0.982626
8.71625  0.982638
8.7195  0.98265
8.72275  0.982662
8.726  0.982674
8.72925  0.982685
8.7325  0.982697
8.73575  0.982709
8.739  0.982721
8.74225  0.982733
8.7455  0.982745
8.74875  0.982757
8.752  0.982769
8.75525  0.982781
8.7585  0.982793
8.76175  0.982804
8.765  0.982816
8.76825  0.982828
8.7715  0.98284
8.77475  0.982852
8.778  0.982863
8.78125  0.982875
8.7845  0.982887
8.78775  0.982899
8.791  0.98291
8.79425  0.982922
8.7975  0.982934
8.80075  0.982946
8.804  0.982957
8.80725  0.982969
8.8105  0.982981
8.81375  0.982992
8.817  0.983004
8.82025  0.983015
8.8235  0.983027
8.82675  0.983039
8.83  0.98305
8.83325  0.983062
8.8365  0.983073
8.83975  0.983085
8.843  0.983096
8.84625  0.983108
8.8495  0.98312
8.85275  0.983131
8.856  0.983143
8.85925  0.983154
8.8625  0.983166
8.86575  0.983177
8.869  0.983188
8.87225  0.9832
8.8755  0.983211
8.87875  0.983223
8.882  0.983234
8.88525  0.983246
8.8885  0.983257
8.89175  0.983268
8.895  0.98328
8.89825  0.983291
8.9015  0.983302
8.90475  0.983314
8.908  0.983325
8.91125  0.983336
8.9145  0.983348
8.91775  0.983359
8.921  0.98337
8.92425  0.983381
8.9275  0.983393
8.93075  0.983404
8.934  0.983415
8.93725  0.983426
8.9405  0.983438
8.94375  0.983449
8.947  0.98346
8.95025  0.983471
8.9535  0.983482
8.95675  0.983493
8.96  0.983505
8.96325  0.983516
8.9665  0.983527
8.96975  0.983538
8.973  0.983549
8.97625  0.98356
8.9795  0.983571
8.98275  0.983582
8.986  0.983593
8.98925  0.983604
8.9925  0.983615
8.99575  0.983626
8.999  0.983637
9.00225  0.983648
9.0055  0.983659
9.00875  0.98367
9.012  0.983681
9.01525  0.983692
9.0185  0.983703
9.02175  0.983714
9.025  0.983725
9.02825  0.983736
9.0315  0.983747
9.03475  0.983758
9.038  0.983769
9.04125  0.98378
9.0445  0.98379
9.04775  0.983801
9.051  0.983812
9.05425  0.983823
9.0575  0.983834
9.06075  0.983845
9.064  0.983855
9.06725  0.983866
9.0705  0.983877
9.07375  0.983888
9.077  0.983899
9.08025  0.983909
9.0835  0.98392
9.08675  0.983931
9.09  0.983941
9.09325  0.983952
9.0965  0.983963
9.09975  0.983974
9.103  0.983984
9.10625  0.983995
9.1095  0.984005
9.11275  0.984016
9.116  0.984027
9.11925  0.984037
9.1225  0.984048
9.12575  0.984059
9.129  0.984069
9.13225  0.98408
9.1355  0.98409
9.13875  0.984101
9.142  0.984111
9.14525  0.984122
9.1485  0.984133
9.15175  0.984143
9.155  0.984154
9.15825  0.984164
9.1615  0.984175
9.16475  0.984185
9.168  0.984195
9.17125  0.984206
9.1745  0.984216
9.17775  0.984227
9.181  0.984237
9.18425  0.984248
9.1875  0.984258
9.19075  0.984268
9.194  0.984279
9.19725  0.984289
9.2005  0.9843
9.20375  0.98431
9.207  0.98432
9.21025  0.984331
9.2135  0.984341
9.21675  0.984351
9.22  0.984362
9.22325  0.984372
9.2265  0.984382
9.22975  0.984392
9.233  0.984403
9.23625  0.984413
9.2395  0.984423
9.24275  0.984433
9.246  0.984444
9.24925  0.984454
9.2525  0.984464
9.25575  0.984474
9.259  0.984485
9.26225  0.984495
9.2655  0.984505
9.26875  0.984515
9.272  0.984525
9.27525  0.984535
9.2785  0.984545
9.28175  0.984556
9.285  0.984566
9.28825  0.984576
9.2915  0.984586
9.29475  0.984596
9.298  0.984606
9.30125  0.984616
9.3045  0.984626
9.30775  0.984636
9.311  0.984646
9.31425  0.984656
9.3175  0.984666
9.32075  0.984676
9.324  0.984686
9.32725  0.984696
9.3305  0.984706
9.33375  0.984716
9.337  0.984726
9.34025  0.984736
9.3435  0.984746
9.34675  0.984756
9.35  0.984766
9.35325  0.984776
9.3565  0.984786
9.35975  0.984796
9.363  0.984806
9.36625  0.984815
9.3695  0.984825
9.37275  0.984835
9.376  0.984845
9.37925  0.984855
9.3825  0.984865
9.38575  0.984874
9.389  0.984884
9.39225  0.984894
9.3955  0.984904
9.39875  0.984914
9.402  0.984923
9.40525  0.984933
9.4085  0.984943
9.41175  0.984953
9.415  0.984962
9.41825  0.984972
9.4215  0.984982
9.42475  0.984992
9.428  0.985001
9.43125  0.985011
9.4345  0.985021
9.43775  0.98503
9.441  0.98504
9.44425  0.98505
9.4475  0.985059
9.45075  0.985069
9.454  0.985078
9.45725  0.985088
9.4605  0.985098
9.46375  0.985107
9.467  0.985117
9.47025  0.985126
9.4735  0.985136
9.47675  0.985146
9.48  0.985155
9.48325  0.985165
9.4865  0.985174
9.48975  0.985184
9.493  0.985193
9.49625  0.985203
9.4995  0.985212
9.50275  0.985222
9.506  0.985231
9.50925  0.985241
9.5125  0.98525
9.51575  0.98526
9.519  0.985269
9.52225  0.985279
9.5255  0.985288
9.52875  0.985297
9.532  0.985307
9.53525  0.985316
9.5385  0.985326
9.54175  0.985335
9.545  0.985344
9.54825  0.985354
9.5515  0.985363
9.55475  0.985372
9.558  0.985382
9.56125  0.985391
9.5645  0.9854
9.56775  0.98541
9.571  0.985419
9.57425  0.985428
9.5775  0.985438
9.58075  0.985447
9.584  0.985456
9.58725  0.985465
9.5905  0.985475
9.59375  0.985484
9.597  0.985493
9.60025  0.985502
9.6035  0.985512
9.60675  0.985521
9.61  0.98553
9.61325  0.985539
9.6165  0.985548
9.61975  0.985558
9.623  0.985567
9.62625  0.985576
9.6295  0.985585
9.63275  0.985594
9.636  0.985603
9.63925  0.985612
9.6425  0.985622
9.64575  0.985631
9.649  0.98564
9.65225  0.985649
9.6555  0.985658
9.65875  0.985667
9.662  0.985676
9.66525  0.985685
9.6685  0.985694
9.67175  0.985703
9.675  0.985712
9.67825  0.985721
9.6815  0.98573
9.68475  0.985739
9.688  0.985748
9.69125  0.985757
9.6945  0.985766
9.69775  0.985775
9.701  0.985784
9.70425  0.985793
9.7075  0.985802
9.71075  0.985811
9.714  0.98582
9.71725  0.985829
9.7205  0.985838
9.72375  0.985847
9.727  0.985856
9.73025  0.985865
9.7335  0.985873
9.73675  0.985882
9.74  0.985891
9.74325  0.9859
9.7465  0.985909
9.74975  0.985918
9.753  0.985927
9.75625  0.985935
9.7595  0.985944
9.76275  0.985953
9.766  0.985962
9.76925  0.985971
9.7725  0.985979
9.77575  0.985988
9.779  0.985997
9.78225  0.986006
9.7855  0.986014
9.78875  0.986023
9.792  0.986032
9.79525  0.986041
9.7985  0.986049
9.80175  0.986058
9.805  0.986067
9.80825  0.986076
9.8115  0.986084
9.81475  0.986093
9.818  0.986102
9.82125  0.98611
9.8245  0.986119
9.82775  0.986128
9.831  0.986136
9.83425  0.986145
9.8375  0.986153
9.84075  0.986162
9.844  0.986171
9.84725  0.986179
9.8505  0.986188
9.85375  0.986196
9.857  0.986205
9.86025  0.986214
9.8635  0.986222
9.86675  0.986231
9.87  0.986239
9.87325  0.986248
9.8765  0.986256
9.87975  0.986265
9.883  0.986273
9.88625  0.986282
9.8895  0.98629
9.89275  0.986299
9.896  0.986307
9.89925  0.986316
9.9025  0.986324
9.90575  0.986333
9.909  0.986341
9.91225  0.98635
9.9155  0.986358
9.91875  0.986367
9.922  0.986375
9.92525  0.986383
9.9285  0.986392
9.93175  0.9864
9.935  0.986409
9.93825  0.986417
9.9415  0.986425
9.94475  0.986434
9.948  0.986442
9.95125  0.986451
9.9545  0.986459
9.95775  0.986467
9.961  0.986476
9.96425  0.986484
9.9675  0.986492
9.97075  0.986501
9.974  0.986509
9.97725  0.986517
9.9805  0.986525
9.98375  0.986534
9.987  0.986542
9.99025  0.98655
9.9935  0.986558
9.99675  0.986567
