0.25  -11.5875
0.25325  -11.5742
0.2565  -11.5956
0.25975  -11.6508
0.263  -11.7414
0.26625  -11.8726
0.2695  -12.0549
0.27275  -12.3098
0.276  -12.6829
0.27925  -13.2438
0.2825  -13.3557
0.28575  -12.7986
0.289  -12.42
0.29225  -12.1686
0.2955  -11.9915
0.29875  -11.8628
0.302  -11.7689
0.30525  -11.7017
0.3085  -11.6561
0.31175  -11.6289
0.315  -11.6179
0.31825  -11.6216
0.3215  -11.6392
0.32475  -11.6705
0.328  -11.7153
0.33125  -11.7743
0.3345  -11.8486
0.33775  -11.94
0.341  -12.0514
0.34425  -12.1872
0.3475  -12.3546
0.35075  -12.5651
0.354  -12.8383
0.35725  -13.2002
0.3605  -13.5815
0.36375  -13.4846
0.367  -13.1003
0.37025  -12.792
0.3735  -12.5632
0.37675  -12.3862
0.38  -12.2445
0.38325  -12.1296
0.3865  -12.035
0.38975  -11.9565
0.393  -11.8911
0.39625  -11.8367
0.3995  -11.7916
0.40275  -11.7547
0.406  -11.725
0.40925  -11.7017
0.4125  -11.6844
0.41575  -11.6724
0.419  -11.6655
0.42225  -11.6634
0.4255  -11.6657
0.42875  -11.6724
0.432  -11.6833
0.43525  -11.6983
0.4385  -11.7174
0.44175  -11.7407
0.445  -11.768
0.44825  -11.7996
0.4515  -11.8356
0.45475  -11.8761
0.458  -11.9215
0.46125  -11.9721
0.4645  -12.0284
0.46775  -12.0909
0.471  -12.1603
0.47425  -12.2377
0.4775  -12.3243
0.48075  -12.4217
0.484  -12.532
0.48725  -12.6582
0.4905  -12.8042
0.49375  -12.9751
0.497  -13.1761
0.50025  -13.4058
0.5035  -13.6273
0.50675  -13.7136
0.51  -13.5823
0.51325  -13.3605
0.5165  -13.1481
0.51975  -12.9663
0.523  -12.813
0.52625  -12.6828
0.5295  -12.5707
0.53275  -12.4732
0.536  -12.3875
0.53925  -12.3116
0.5425  -12.2438
0.54575  -12.1829
0.549  -12.128
0.55225  -12.0783
0.5555  -12.0332
0.55875  -11.9921
0.562  -11.9547
0.56525  -11.9205
0.5685  -11.8893
0.57175  -11.8608
0.575  -11.8348
0.57825  -11.811
0.5815  -11.7894
0.58475  -11.7697
0.588  -11.7518
0.59125  -11.7357
0.5945  -11.7211
0.59775  -11.7081
0.601  -11.6964
0.60425  -11.6861
0.6075  -11.6771
0.61075  -11.6694
0.614  -11.6628
0.61725  -11.6572
0.6205  -11.6528
0.62375  -11.6494
0.627  -11.6473
0.63025  -11.6463
0.6335  -11.6463
0.63675  -11.6471
0.64  -11.6488
0.64325  -11.6514
0.6465  -11.6547
0.64975  -11.6589
0.653  -11.6639
0.65625  -11.6696
0.6595  -11.6761
0.66275  -11.6834
0.666  -11.6913
0.66925  -11.7001
0.6725  -11.7095
0.67575  -11.7196
0.679  -11.7305
0.68225  -11.742
0.6855  -11.7543
0.68875  -11.7673
0.692  -11.781
0.69525  -11.7954
0.6985  -11.8105
0.70175  -11.8263
0.705  -11.8429
0.70825  -11.8602
0.7115  -11.8783
0.71475  -11.8972
0.718  -11.9168
0.72125  -11.9372
0.7245  -11.9585
0.72775  -11.9806
0.731  -12.0036
0.73425  -12.0275
0.7375  -12.0523
0.74075  -12.078
0.744  -12.1048
0.74725  -12.1327
0.7505  -12.1616
0.75375  -12.1917
0.757  -12.223
0.76025  -12.2556
0.7635  -12.2895
0.76675  -12.3249
0.77  -12.3618
0.77325  -12.4004
0.7765  -12.4407
0.77975  -12.4828
0.783  -12.527
0.78625  -12.5734
0.7895  -12.6221
0.79275  -12.6734
0.796  -12.7276
0.79925  -12.7848
0.8025  -12.8453
0.80575  -12.9096
0.809  -12.9778
0.81225  -13.0504
0.8155  -13.1276
0.81875  -13.2097
0.822  -13.2966
0.82525  -13.3878
0.8285  -13.4817
0.83175  -13.5752
0.835  -13.6627
0.83825  -13.7352
0.8415  -13.7817
0.84475  -13.793
0.848  -13.7673
0.85125  -13.7113
0.8545  -13.6359
0.85775  -13.5511
0.861  -13.4641
0.86425  -13.3788
0.8675  -13.2972
0.87075  -13.2203
0.874  -13.1482
0.87725  -13.0803
0.8805  -13.0165
0.88375  -12.9569
0.887  -12.901
0.89025  -12.8485
0.8935  -12.7992
0.89675  -12.7527
0.9  -12.7087
0.90325  -12.6672
0.9065  -12.6278
0.90975  -12.5905
0.913  -12.555
0.91625  -12.5211
0.9195  -12.4889
0.92275  -12.4581
0.926  -12.4287
0.92925  -12.4005
0.9325  -12.3735
0.93575  -12.3477
0.939  -12.3229
0.94225  -12.299
0.9455  -12.2761
0.94875  -12.254
0.952  -12.2328
0.95525  -12.2123
0.9585  -12.1925
0.96175  -12.1735
0.965  -12.1551
0.96825  -12.1374
0.9715  -12.1202
0.97475  -12.1036
0.978  -12.0876
0.98125  -12.0721
0.9845  -12.0571
0.98775  -12.0425
0.991  -12.0285
0.99425  -12.0148
0.9975  -12.0016
1.00075  -11.9888
1.004  -11.9764
1.00725  -11.9643
1.0105  -11.9526
1.01375  -11.9413
1.017  -11.9302
1.02025  -11.9195
1.0235  -11.9092
1.02675  -11.8991
1.03  -11.8893
1.03325  -11.8798
1.0365  -11.8705
1.03975  -11.8616
1.043  -11.8529
1.04625  -11.8444
1.0495  -11.8362
1.05275  -11.8282
1.056  -11.8204
1.05925  -11.8128
1.0625  -11.8055
1.06575  -11.7984
1.069  -11.7914
1.07225  -11.7847
1.0755  -11.7781
1.07875  -11.7718
1.082  -11.7656
1.08525  -11.7596
1.0885  -11.7538
1.09175  -11.7481
1.095  -11.7426
1.09825  -11.7372
1.1015  -11.732
1.10475  -11.727
1.108  -11.7221
1.11125  -11.7173
1.1145  -11.7127
1.11775  -11.7082
1.121  -11.7039
1.12425  -11.6997
1.1275  -11.6951
1.13075  -11.6906
1.134  -11.6862
1.13725  -11.682
1.1405  -11.6778
1.14375  -11.6738
1.147  -11.6698
1.15025  -11.666
1.1535  -11.6623
1.15675  -11.6587
1.16  -11.6552
1.16325  -11.6518
1.1665  -11.6486
1.16975  -11.6454
1.173  -11.6423
1.17625  -11.6393
1.1795  -11.6364
1.18275  -11.6335
1.186  -11.6308
1.18925  -11.6282
1.1925  -11.6256
1.19575  -11.6231
1.199  -11.6208
1.20225  -11.6185
1.2055  -11.6162
1.20875  -11.6141
1.212  -11.612
1.21525  -11.61
1.2185  -11.6081
1.22175  -11.6063
1.225  -11.6045
1.22825  -11.6028
1.2315  -11.6011
1.23475  -11.5996
1.238  -11.5981
1.24125  -11.5967
1.2445  -11.5953
1.24775  -11.594
1.251  -11.5928
1.25425  -11.5916
1.2575  -11.5905
1.26075  -11.5894
1.264  -11.5884
1.26725  -11.5875
1.2705  -11.5866
1.27375  -11.5858
1.277  -11.585
1.28025  -11.5843
1.2835  -11.5837
1.28675  -11.5831
1.29  -11.5825
1.29325  -11.582
1.2965  -11.5816
1.29975  -11.5812
1.303  -11.5809
1.30625  -11.5806
1.3095  -11.5803
1.31275  -11.5801
1.316  -11.58
1.31925  -11.5799
1.3225  -11.5798
1.32575  -11.5798
1.329  -11.5798
1.33225  -11.5799
1.3355  -11.58
1.33875  -11.5802
1.342  -11.5804
1.34525  -11.5807
1.3485  -11.581
1.35175  -11.5813
1.355  -11.5817
1.35825  -11.5821
1.3615  -11.5825
1.36475  -11.583
1.368  -11.5836
1.37125  -11.5841
1.3745  -11.5848
1.37775  -11.5862
1.381  -11.5879
1.38425  -11.5895
1.3875  -11.5913
1.39075  -11.593
1.394  -11.5948
1.39725  -11.5966
1.4005  -11.5984
1.40375  -11.6003
1.407  -11.6022
1.41025  -11.6042
1.4135  -11.6062
1.41675  -11.6082
1.42  -11.6102
1.42325  -11.6123
1.4265  -11.6144
1.42975  -11.6165
1.433  -11.6187
1.43625  -11.6209
1.4395  -11.6231
1.44275  -11.6253
1.446  -11.6276
1.44925  -11.6299
1.4525  -11.6323
1.45575  -11.6346
1.459  -11.637
1.46225  -11.6394
1.4655  -11.6419
1.46875  -11.6444
1.472  -11.6469
1.47525  -11.6494
1.4785  -11.652
1.48175  -11.6545
1.485  -11.6571
1.48825  -11.6598
1.4915  -11.6624
1.49475  -11.6651
1.498  -11.6678
1.50125  -11.6706
1.5045  -11.6733
1.50775  -11.6761
1.511  -11.6789
1.51425  -11.6817
1.5175  -11.6846
1.52075  -11.6875
1.524  -11.6904
1.52725  -11.6933
1.5305  -11.6963
1.53375  -11.6993
1.537  -11.7022
1.54025  -11.7053
1.5435  -11.7083
1.54675  -11.7114
1.55  -11.7145
1.55325  -11.7176
1.5565  -11.7207
1.55975  -11.7239
1.563  -11.7271
1.56625  -11.7303
1.5695  -11.7335
1.57275  -11.7367
1.576  -11.74
1.57925  -11.7433
1.5825  -11.7466
1.58575  -11.7499
1.589  -11.7533
1.59225  -11.7567
1.5955  -11.7601
1.59875  -11.7635
1.602  -11.7669
1.60525  -11.7704
1.6085  -11.7739
1.61175  -11.7774
1.615  -11.7809
1.61825  -11.7845
1.6215  -11.788
1.62475  -11.7916
1.628  -11.7954
1.63125  -11.7993
1.6345  -11.8032
1.63775  -11.8071
1.641  -11.811
1.64425  -11.8149
1.6475  -11.8189
1.65075  -11.8228
1.654  -11.8268
1.65725  -11.8309
1.6605  -11.8349
1.66375  -11.839
1.667  -11.843
1.67025  -11.8471
1.6735  -11.8513
1.67675  -11.8554
1.68  -11.8596
1.68325  -11.8638
1.6865  -11.868
1.68975  -11.8722
1.693  -11.8764
1.69625  -11.8807
1.6995  -11.885
1.70275  -11.8893
1.706  -11.8936
1.70925  -11.8979
1.7125  -11.9023
1.71575  -11.9067
1.719  -11.9111
1.72225  -11.9155
1.7255  -11.9199
1.72875  -11.9244
1.732  -11.9289
1.73525  -11.9334
1.7385  -11.9379
1.74175  -11.9425
1.745  -11.947
1.74825  -11.9516
1.7515  -11.9562
1.75475  -11.9608
1.758  -11.9655
1.76125  -11.9701
1.7645  -11.9748
1.76775  -11.9795
1.771  -11.9843
1.77425  -11.989
1.7775  -11.9938
1.78075  -11.9986
1.784  -12.0034
1.78725  -12.0082
1.7905  -12.013
1.79375  -12.0179
1.797  -12.0228
1.80025  -12.0277
1.8035  -12.0327
1.80675  -12.0376
1.81  -12.0426
1.81325  -12.0476
1.8165  -12.0526
1.81975  -12.0576
1.823  -12.0627
1.82625  -12.0678
1.8295  -12.0729
1.83275  -12.078
1.836  -12.0832
1.83925  -12.0883
1.8425  -12.0935
1.84575  -12.0987
1.849  -12.104
1.85225  -12.1092
1.8555  -12.1145
1.85875  -12.1198
1.862  -12.1251
1.86525  -12.1305
1.8685  -12.1358
1.87175  -12.1412
1.875  -12.1466
1.87825  -12.1522
1.8815  -12.1578
1.88475  -12.1633
1.888  -12.169
1.89125  -12.1746
1.8945  -12.1803
1.89775  -12.1859
1.901  -12.1917
1.90425  -12.1974
1.9075  -12.2032
1.91075  -12.2089
1.914  -12.2147
1.91725  -12.2206
1.9205  -12.2264
1.92375  -12.2323
1.927  -12.2382
1.93025  -12.2442
1.9335  -12.2501
1.93675  -12.2561
1.94  -12.2621
1.94325  -12.2682
1.9465  -12.2742
1.94975  -12.2803
1.953  -12.2864
1.95625  -12.2926
1.9595  -12.2988
1.96275  -12.305
1.966  -12.3112
1.96925  -12.3174
1.9725  -12.3237
1.97575  -12.33
1.979  -12.3364
1.98225  -12.3428
1.9855  -12.3491
1.98875  -12.3556
1.992  -12.362
1.99525  -12.3685
1.9985  -12.375
2.00175  -12.3816
2.005  -12.3881
2.00825  -12.3948
2.0115  -12.4014
2.01475  -12.4081
2.018  -12.4148
2.02125  -12.4215
2.0245  -12.4282
2.02775  -12.435
2.031  -12.4419
2.03425  -12.4487
2.0375  -12.4556
2.04075  -12.4625
2.044  -12.4695
2.04725  -12.4765
2.0505  -12.4835
2.05375  -12.4906
2.057  -12.4977
2.06025  -12.5048
2.0635  -12.512
2.06675  -12.5192
2.07  -12.5264
2.07325  -12.5337
2.0765  -12.541
2.07975  -12.5483
2.083  -12.5557
2.08625  -12.5631
2.0895  -12.5706
2.09275  -12.5781
2.096  -12.5856
2.09925  -12.5932
2.1025  -12.6008
2.10575  -12.6085
2.109  -12.6161
2.11225  -12.6239
2.1155  -12.6317
2.11875  -12.6395
2.122  -12.6473
2.12525  -12.6552
2.1285  -12.6631
2.13175  -12.6711
2.135  -12.6791
2.13825  -12.6871
2.1415  -12.6951
2.14475  -12.7033
2.148  -12.7114
2.15125  -12.7196
2.1545  -12.7279
2.15775  -12.7362
2.161  -12.7445
2.16425  -12.7529
2.1675  -12.7614
2.17075  -12.7698
2.174  -12.7784
2.17725  -12.787
2.1805  -12.7956
2.18375  -12.8043
2.187  -12.813
2.19025  -12.8218
2.1935  -12.8306
2.19675  -12.8395
2.2  -12.8485
2.20325  -12.8575
2.2065  -12.8665
2.20975  -12.8756
2.213  -12.8848
2.21625  -12.894
2.2195  -12.9033
2.22275  -12.9126
2.226  -12.922
2.22925  -12.9314
2.2325  -12.9409
2.23575  -12.9505
2.239  -12.9601
2.24225  -12.9698
2.2455  -12.9795
2.24875  -12.9893
2.252  -12.9992
2.25525  -13.0091
2.2585  -13.019
2.26175  -13.0291
2.265  -13.0392
2.26825  -13.0493
2.2715  -13.0596
2.27475  -13.0698
2.278  -13.0802
2.28125  -13.0906
2.2845  -13.101
2.28775  -13.1116
2.291  -13.1222
2.29425  -13.1328
2.2975  -13.1435
2.30075  -13.1543
2.304  -13.1652
2.30725  -13.1761
2.3105  -13.187
2.31375  -13.1981
2.317  -13.2091
2.32025  -13.2203
2.3235  -13.2315
2.32675  -13.2428
2.33  -13.2541
2.33325  -13.2654
2.3365  -13.2769
2.33975  -13.2884
2.343  -13.2999
2.34625  -13.3115
2.3495  -13.3231
2.35275  -13.3348
2.356  -13.3465
2.35925  -13.3583
2.3625  -13.37
2.36575  -13.3819
2.369  -13.3937
2.37225  -13.4056
2.3755  -13.4176
2.37875  -13.4296
2.382  -13.4416
2.38525  -13.4537
2.3885  -13.4658
2.39175  -13.4778
2.395  -13.4899
2.39825  -13.5019
2.4015  -13.514
2.40475  -13.526
2.408  -13.5379
2.41125  -13.5498
2.4145  -13.5617
2.41775  -13.5735
2.421  -13.5852
2.42425  -13.5969
2.4275  -13.6084
2.43075  -13.6199
2.434  -13.6312
2.43725  -13.6424
2.4405  -13.6534
2.44375  -13.6643
2.447  -13.675
2.45025  -13.6855
2.4535  -13.6958
2.45675  -13.7059
2.46  -13.7157
2.46325  -13.7253
2.4665  -13.7346
2.46975  -13.7436
2.473  -13.7523
2.47625  -13.7607
2.4795  -13.7687
2.48275  -13.7764
2.486  -13.7837
2.48925  -13.7906
2.4925  -13.7971
2.49575  -13.8032
2.499  -13.8088
2.50225  -13.814
2.5055  -13.8187
2.50875  -13.823
2.512  -13.8268
2.51525  -13.8301
2.5185  -13.8329
2.52175  -13.8352
2.525  -13.837
2.52825  -13.8383
2.5315  -13.8392
2.53475  -13.8395
2.538  -13.8394
2.54125  -13.8387
2.5445  -13.8376
2.54775  -13.8361
2.551  -13.8341
2.55425  -13.8316
2.5575  -13.8287
2.56075  -13.8254
2.564  -13.8217
2.56725  -13.8176
2.5705  -13.8132
2.57375  -13.8084
2.577  -13.8033
2.58025  -13.7978
2.5835  -13.7921
2.58675  -13.786
2.59  -13.7797
2.59325  -13.7732
2.5965  -13.7664
2.59975  -13.7594
2.603  -13.7522
2.60625  -13.7448
2.6095  -13.7373
2.61275  -13.7296
2.616  -13.7217
2.61925  -13.7137
2.6225  -13.7057
2.62575  -13.6975
2.629  -13.6892
2.63225  -13.6808
2.6355  -13.6724
2.63875  -13.664
2.642  -13.6554
2.64525  -13.6469
2.6485  -13.6383
2.65175  -13.6297
2.655  -13.621
2.65825  -13.6124
2.6615  -13.6038
2.66475  -13.5951
2.668  -13.5865
2.67125  -13.5779
2.6745  -13.5693
2.67775  -13.5608
2.681  -13.5522
2.68425  -13.5437
2.6875  -13.5352
2.69075  -13.5268
2.694  -13.5184
2.69725  -13.5101
2.7005  -13.5018
2.70375  -13.4935
2.707  -13.4853
2.71025  -13.4772
2.7135  -13.4691
2.71675  -13.4611
2.72  -13.4531
2.72325  -13.4451
2.7265  -13.4373
2.72975  -13.4295
2.733  -13.4217
2.73625  -13.414
2.7395  -13.4064
2.74275  -13.3989
2.746  -13.3914
2.74925  -13.3839
2.7525  -13.3765
2.75575  -13.3692
2.759  -13.362
2.76225  -13.3548
2.7655  -13.3477
2.76875  -13.3406
2.772  -13.3336
2.77525  -13.3267
2.7785  -13.3198
2.78175  -13.313
2.785  -13.3063
2.78825  -13.2996
2.7915  -13.2929
2.79475  -13.2864
2.798  -13.2799
2.80125  -13.2734
2.8045  -13.267
2.80775  -13.2607
2.811  -13.2545
2.81425  -13.2482
2.8175  -13.2421
2.82075  -13.236
2.824  -13.23
2.82725  -13.224
2.8305  -13.2181
2.83375  -13.2122
2.837  -13.2064
2.84025  -13.2006
2.8435  -13.1949
2.84675  -13.1893
2.85  -13.1837
2.85325  -13.1781
2.8565  -13.1726
2.85975  -13.1672
2.863  -13.1618
2.86625  -13.1565
2.8695  -13.1512
2.87275  -13.146
2.876  -13.1407
2.87925  -13.1353
2.8825  -13.13
2.88575  -13.1247
2.889  -13.1194
2.89225  -13.1142
2.8955  -13.1091
2.89875  -13.104
2.902  -13.0989
2.90525  -13.0939
2.9085  -13.0889
2.91175  -13.084
2.915  -13.0791
2.91825  -13.0742
2.9215  -13.0694
2.92475  -13.0647
2.928  -13.0599
2.93125  -13.0553
2.9345  -13.0506
2.93775  -13.046
2.941  -13.0414
2.94425  -13.0369
2.9475  -13.0324
2.95075  -13.0279
2.954  -13.0235
2.95725  -13.0191
2.9605  -13.0148
2.96375  -13.0105
2.967  -13.0062
2.97025  -13.002
2.9735  -12.9978
2.97675  -12.9936
2.98  -12.9895
2.98325  -12.9854
2.9865  -12.9813
2.98975  -12.9773
2.993  -12.9733
2.99625  -12.9693
2.9995  -12.9654
3.00275  -12.9615
3.006  -12.9576
3.00925  -12.9538
3.0125  -12.95
3.01575  -12.9462
3.019  -12.9424
3.02225  -12.9387
3.0255  -12.935
3.02875  -12.9313
3.032  -12.9277
3.03525  -12.9241
3.0385  -12.9205
3.04175  -12.917
3.045  -12.9135
3.04825  -12.91
3.0515  -12.9065
3.05475  -12.9031
3.058  -12.8997
3.06125  -12.8963
3.0645  -12.8929
3.06775  -12.8896
3.071  -12.8863
3.07425  -12.883
3.0775  -12.8798
3.08075  -12.8765
3.084  -12.8733
3.08725  -12.8701
3.0905  -12.867
3.09375  -12.8638
3.097  -12.8607
3.10025  -12.8577
3.1035  -12.8546
3.10675  -12.8516
3.11  -12.8485
3.11325  -12.8455
3.1165  -12.8426
3.11975  -12.8396
3.123  -12.8367
3.12625  -12.8339
3.1295  -12.8312
3.13275  -12.8286
3.136  -12.8259
3.13925  -12.8233
3.1425  -12.8207
3.14575  -12.8182
3.149  -12.8156
3.15225  -12.8131
3.1555  -12.8106
3.15875  -12.8081
3.162  -12.8057
3.16525  -12.8032
3.1685  -12.8008
3.17175  -12.7984
3.175  -12.796
3.17825  -12.7937
3.1815  -12.7913
3.18475  -12.789
3.188  -12.7867
3.19125  -12.7844
3.1945  -12.7821
3.19775  -12.7799
3.201  -12.7777
3.20425  -12.7755
3.2075  -12.7733
3.21075  -12.7711
3.214  -12.769
3.21725  -12.7668
3.2205  -12.7647
3.22375  -12.7626
3.227  -12.7605
3.23025  -12.7585
3.2335  -12.7564
3.23675  -12.7544
3.24  -12.7524
3.24325  -12.7504
3.2465  -12.7484
3.24975  -12.7464
3.253  -12.7445
3.25625  -12.7426
3.2595  -12.7406
3.26275  -12.7387
3.266  -12.7369
3.26925  -12.735
3.2725  -12.7331
3.27575  -12.7313
3.279  -12.7295
3.28225  -12.7277
3.2855  -12.7259
3.28875  -12.7241
3.292  -12.7224
3.29525  -12.7206
3.2985  -12.7189
3.30175  -12.7172
3.305  -12.7155
3.30825  -12.7138
3.3115  -12.7121
3.31475  -12.7105
3.318  -12.7089
3.32125  -12.7072
3.3245  -12.7056
3.32775  -12.704
3.331  -12.7024
3.33425  -12.7009
3.3375  -12.6993
3.34075  -12.6978
3.344  -12.6963
3.34725  -12.6947
3.3505  -12.6932
3.35375  -12.6918
3.357  -12.6903
3.36025  -12.6888
3.3635  -12.6874
3.36675  -12.6859
3.37  -12.6845
3.37325  -12.6831
3.3765  -12.6815
3.37975  -12.6795
3.383  -12.6776
3.38625  -12.6757
3.3895  -12.6738
3.39275  -12.6719
3.396  -12.67
3.39925  -12.6682
3.4025  -12.6663
3.40575  -12.6645
3.409  -12.6626
3.41225  -12.6608
3.4155  -12.659
3.41875  -12.6572
3.422  -12.6554
3.42525  -12.6536
3.4285  -12.6519
3.43175  -12.6501
3.435  -12.6483
3.43825  -12.6466
3.4415  -12.6449
3.44475  -12.6432
3.448  -12.6414
3.45125  -12.6397
3.4545  -12.638
3.45775  -12.6364
3.461  -12.6347
3.46425  -12.633
3.4675  -12.6314
3.47075  -12.6297
3.474  -12.6281
3.47725  -12.6265
3.4805  -12.6248
3.48375  -12.6232
3.487  -12.6216
3.49025  -12.62
3.4935  -12.6185
3.49675  -12.6169
3.5  -12.6153
3.50325  -12.6138
3.5065  -12.6122
3.50975  -12.6107
3.513  -12.6091
3.51625  -12.6076
3.5195  -12.6061
3.52275  -12.6046
3.526  -12.6031
3.52925  -12.6016
3.5325  -12.6001
3.53575  -12.5987
3.539  -12.5972
3.54225  -12.5957
3.5455  -12.5943
3.54875  -12.5928
3.552  -12.5914
3.55525  -12.59
3.5585  -12.5886
3.56175  -12.5872
3.565  -12.5858
3.56825  -12.5844
3.5715  -12.583
3.57475  -12.5816
3.578  -12.5802
3.58125  -12.5789
3.5845  -12.5775
3.58775  -12.5761
3.591  -12.5748
3.59425  -12.5735
3.5975  -12.5721
3.60075  -12.5708
3.604  -12.5695
3.60725  -12.5682
3.6105  -12.5669
3.61375  -12.5656
3.617  -12.5643
3.62025  -12.563
3.6235  -12.5618
3.62675  -12.5602
3.63  -12.5584
3.63325  -12.5566
3.6365  -12.5548
3.63975  -12.5531
3.643  -12.5513
3.64625  -12.5495
3.6495  -12.5477
3.65275  -12.546
3.656  -12.5442
3.65925  -12.5425
3.6625  -12.5408
3.66575  -12.539
3.669  -12.5373
3.67225  -12.5356
3.6755  -12.5339
3.67875  -12.5322
3.682  -12.5305
3.68525  -12.5288
3.6885  -12.5271
3.69175  -12.5254
3.695  -12.5237
3.69825  -12.5221
3.7015  -12.5204
3.70475  -12.5187
3.708  -12.5171
3.71125  -12.5154
3.7145  -12.5138
3.71775  -12.5122
3.721  -12.5105
3.72425  -12.5089
3.7275  -12.5073
3.73075  -12.5057
3.734  -12.5041
3.73725  -12.5025
3.7405  -12.5009
3.74375  -12.4993
3.747  -12.4977
3.75025  -12.4961
3.7535  -12.4945
3.75675  -12.4929
3.76  -12.4914
3.76325  -12.4898
3.7665  -12.4883
3.76975  -12.4867
3.773  -12.4852
3.77625  -12.4836
3.7795  -12.4821
3.78275  -12.4806
3.786  -12.479
3.78925  -12.4775
3.7925  -12.476
3.79575  -12.4745
3.799  -12.473
3.80225  -12.4715
3.8055  -12.47
3.80875  -12.4685
3.812  -12.467
3.81525  -12.4655
3.8185  -12.4641
3.82175  -12.4626
3.825  -12.4611
3.82825  -12.4597
3.8315  -12.4582
3.83475  -12.4568
3.838  -12.4553
3.84125  -12.4539
3.8445  -12.4524
3.84775  -12.451
3.851  -12.4496
3.85425  -12.4481
3.8575  -12.4467
3.86075  -12.4453
3.864  -12.4439
3.86725  -12.4425
3.8705  -12.4411
3.87375  -12.4397
3.877  -12.4382
3.88025  -12.4366
3.8835  -12.435
3.88675  -12.4334
3.89  -12.4318
3.89325  -12.4302
3.8965  -12.4287
3.89975  -12.4271
3.903  -12.4255
3.90625  -12.424
3.9095  -12.4224
3.91275  -12.4208
3.916  -12.4193
3.91925  -12.4178
3.9225  -12.4162
3.92575  -12.4147
3.929  -12.4131
3.93225  -12.4116
3.9355  -12.4101
3.93875  -12.4086
3.942  -12.4071
3.94525  -12.4056
3.9485  -12.4041
3.95175  -12.4026
3.955  -12.4011
3.95825  -12.3996
3.9615  -12.3981
3.96475  -12.3966
3.968  -12.3951
3.97125  -12.3936
3.9745  -12.3922
3.97775  -12.3907
3.981  -12.3892
3.98425  -12.3878
3.9875  -12.3863
3.99075  -12.3848
3.994  -12.3834
3.99725  -12.382
4.0005  -12.3805
4.00375  -12.3791
4.007  -12.3776
4.01025  -12.3762
4.0135  -12.3748
4.01675  -12.3734
4.02  -12.3719
4.02325  -12.3705
4.0265  -12.3691
4.02975  -12.3677
4.033  -12.3663
4.03625  -12.3649
4.0395  -12.3635
4.04275  -12.3621
4.046  -12.3607
4.04925  -12.3593
4.0525  -12.358
4.05575  -12.3566
4.059  -12.3552
4.06225  -12.3538
4.0655  -12.3525
4.06875  -12.3511
4.072  -12.3497
4.07525  -12.3484
4.0785  -12.347
4.08175  -12.3457
4.085  -12.3443
4.08825  -12.343
4.0915  -12.3416
4.09475  -12.3403
4.098  -12.339
4.10125  -12.3376
4.1045  -12.3363
4.10775  -12.335
4.111  -12.3337
4.11425  -12.3324
4.1175  -12.331
4.12075  -12.3297
4.124  -12.3284
4.12725  -12.3276
4.1305  -12.327
4.13375  -12.3264
4.137  -12.3257
4.14025  -12.3251
4.1435  -12.3245
4.14675  -12.3239
4.15  -12.3233
4.15325  -12.3227
4.1565  -12.3221
4.15975  -12.3215
4.163  -12.3209
4.16625  -12.3203
4.1695  -12.3198
4.17275  -12.3192
4.176  -12.3186
4.17925  -12.318
4.1825  -12.3174
4.18575  -12.3169
4.189  -12.3163
4.19225  -12.3157
4.1955  -12.3152
4.19875  -12.3146
4.202  -12.3141
4.20525  -12.3135
4.2085  -12.313
4.21175  -12.3124
4.215  -12.3119
4.21825  -12.3113
4.2215  -12.3108
4.22475  -12.3102
4.228  -12.3097
4.23125  -12.3092
4.2345  -12.3087
4.23775  -12.3081
4.241  -12.3076
4.24425  -12.3071
4.2475  -12.3066
4.25075  -12.3061
4.254  -12.3055
4.25725  -12.305
4.2605  -12.3045
4.26375  -12.304
4.267  -12.3035
4.27025  -12.303
4.2735  -12.3025
4.27675  -12.302
4.28  -12.3015
4.28325  -12.3011
4.2865  -12.3006
4.28975  -12.3001
4.293  -12.2996
4.29625  -12.2991
4.2995  -12.2987
4.30275  -12.2982
4.306  -12.2977
4.30925  -12.2972
4.3125  -12.2968
4.31575  -12.2963
4.319  -12.2959
4.32225  -12.2954
4.3255  -12.2949
4.32875  -12.2945
4.332  -12.294
4.33525  -12.2936
4.3385  -12.2931
4.34175  -12.2927
4.345  -12.2923
4.34825  -12.2918
4.3515  -12.2914
4.35475  -12.291
4.358  -12.2905
4.36125  -12.2901
4.3645  -12.2897
4.36775  -12.2892
4.371  -12.2888
4.37425  -12.2884
4.3775  -12.2881
4.38075  -12.2878
4.384  -12.2876
4.38725  -12.2873
4.3905  -12.2871
4.39375  -12.2868
4.397  -12.2866
4.40025  -12.2863
4.4035  -12.2861
4.40675  -12.2858
4.41  -12.2856
4.41325  -12.2854
4.4165  -12.2851
4.41975  -12.2849
4.423  -12.2847
4.42625  -12.2844
4.4295  -12.2842
4.43275  -12.284
4.436  -12.2838
4.43925  -12.2836
4.4425  -12.2833
4.44575  -12.2831
4.449  -12.2829
4.45225  -12.2827
4.4555  -12.2825
4.45875  -12.2823
4.462  -12.2821
4.46525  -12.2819
4.4685  -12.2817
4.47175  -12.2815
4.475  -12.2813
4.47825  -12.2811
4.4815  -12.281
4.48475  -12.2808
4.488  -12.2806
4.49125  -12.2804
4.4945  -12.2802
4.49775  -12.2801
4.501  -12.2799
4.50425  -12.2797
4.5075  -12.2796
4.51075  -12.2794
4.514  -12.2792
4.51725  -12.2791
4.5205  -12.2789
4.52375  -12.2788
4.527  -12.2786
4.53025  -12.2785
4.5335  -12.2783
4.53675  -12.2782
4.54  -12.278
4.54325  -12.2779
4.5465  -12.2778
4.54975  -12.2776
4.553  -12.2775
4.55625  -12.2774
4.5595  -12.2772
4.56275  -12.2771
4.566  -12.277
4.56925  -12.2769
4.5725  -12.2767
4.57575  -12.2766
4.579  -12.2765
4.58225  -12.2764
4.5855  -12.2763
4.58875  -12.2762
4.592  -12.2761
4.59525  -12.276
4.5985  -12.2759
4.60175  -12.2758
4.605  -12.2757
4.60825  -12.2756
4.6115  -12.2755
4.61475  -12.2754
4.618  -12.2753
4.62125  -12.2752
4.6245  -12.2751
4.62775  -12.2754
4.631  -12.2758
4.63425  -12.2762
4.6375  -12.2766
4.64075  -12.277
4.644  -12.2774
4.64725  -12.2778
4.6505  -12.2782
4.65375  -12.2786
4.657  -12.2791
4.66025  -12.2795
4.6635  -12.2799
4.66675  -12.2803
4.67  -12.2808
4.67325  -12.2812
4.6765  -12.2816
4.67975  -12.2821
4.683  -12.2825
4.68625  -12.283
4.6895  -12.2834
4.69275  -12.2839
4.696  -12.2844
4.69925  -12.2848
4.7025  -12.2853
4.70575  -12.2858
4.709  -12.2863
4.71225  -12.2867
4.7155  -12.2872
4.71875  -12.2877
4.722  -12.2882
4.72525  -12.2887
4.7285  -12.2892
4.73175  -12.2897
4.735  -12.2902
4.73825  -12.2908
4.7415  -12.2913
4.74475  -12.2918
4.748  -12.2923
4.75125  -12.2929
4.7545  -12.2934
4.75775  -12.2939
4.761  -12.2945
4.76425  -12.295
4.7675  -12.2956
4.77075  -12.2961
4.774  -12.2967
4.77725  -12.2973
4.7805  -12.2978
4.78375  -12.2984
4.787  -12.299
4.79025  -12.2996
4.7935  -12.3001
4.79675  -12.3007
4.8  -12.3013
4.80325  -12.3019
4.8065  -12.3025
4.80975  -12.3031
4.813  -12.3037
4.81625  -12.3043
4.8195  -12.305
4.82275  -12.3056
4.826  -12.3062
4.82925  -12.3068
4.8325  -12.3075
4.83575  -12.3081
4.839  -12.3088
4.84225  -12.3094
4.8455  -12.3101
4.84875  -12.3107
4.852  -12.3114
4.85525  -12.312
4.8585  -12.3127
4.86175  -12.3134
4.865  -12.3141
4.86825  -12.3147
4.8715  -12.3154
4.87475  -12.3161
4.878  -12.3161
4.88125  -12.316
4.8845  -12.3159
4.88775  -12.3158
4.891  -12.3157
4.89425  -12.3157
4.8975  -12.3156
4.90075  -12.3155
4.904  -12.3154
4.90725  -12.3153
4.9105  -12.3153
4.91375  -12.3152
4.917  -12.3151
4.92025  -12.315
4.9235  -12.315
4.92675  -12.3149
4.93  -12.3148
4.93325  -12.3148
4.9365  -12.3147
4.93975  -12.3146
4.943  -12.3146
4.94625  -12.3145
4.9495  -12.3144
4.95275  -12.3144
4.956  -12.3143
4.95925  -12.3143
4.9625  -12.3142
4.96575  -12.3142
4.969  -12.3141
4.97225  -12.3141
4.9755  -12.314
4.97875  -12.314
4.982  -12.3139
4.98525  -12.3139
4.9885  -12.3138
4.99175  -12.3138
4.995  -12.3138
4.99825  -12.3137
5.0015  -12.3137
5.00475  -12.3137
5.008  -12.3136
5.01125  -12.3136
5.0145  -12.3136
5.01775  -12.3135
5.021  -12.3135
5.02425  -12.3135
5.0275  -12.3135
5.03075  -12.3134
5.034  -12.3134
5.03725  -12.3134
5.0405  -12.3134
5.04375  -12.3133
5.047  -12.3133
5.05025  -12.3133
5.0535  -12.3133
5.05675  -12.3133
5.06  -12.3133
5.06325  -12.3133
5.0665  -12.3133
5.06975  -12.3133
5.073  -12.3133
5.07625  -12.3133
5.0795  -12.3132
5.08275  -12.3132
5.086  -12.3132
5.08925  -12.3133
5.0925  -12.3133
5.09575  -12.3133
5.099  -12.3133
5.10225  -12.3133
5.1055  -12.3133
5.10875  -12.3133
5.112  -12.3133
5.11525  -12.3133
5.1185  -12.3133
5.12175  -12.3133
5.125  -12.3134
5.12825  -12.3136
5.1315  -12.3139
5.13475  -12.3142
5.138  -12.3144
5.14125  -12.3147
5.1445  -12.315
5.14775  -12.3153
5.151  -12.3156
5.15425  -12.3158
5.1575  -12.3161
5.16075  -12.3164
5.164  -12.3167
5.16725  -12.317
5.1705  -12.3173
5.17375  -12.3176
5.177  -12.3179
5.18025  -12.3182
5.1835  -12.3185
5.18675  -12.3188
5.19  -12.3191
5.19325  -12.3194
5.1965  -12.3197
5.19975  -12.32
5.203  -12.3204
5.20625  -12.3207
5.2095  -12.321
5.21275  -12.3213
5.216  -12.3216
5.21925  -12.322
5.2225  -12.3223
5.22575  -12.3226
5.229  -12.3229
5.23225  -12.3233
5.2355  -12.3236
5.23875  -12.3239
5.242  -12.3243
5.24525  -12.3246
5.2485  -12.325
5.25175  -12.3253
5.255  -12.3257
5.25825  -12.326
5.2615  -12.3264
5.26475  -12.3267
5.268  -12.3271
5.27125  -12.3274
5.2745  -12.3278
5.27775  -12.3281
5.281  -12.3285
5.28425  -12.3289
5.2875  -12.3292
5.29075  -12.3296
5.294  -12.33
5.29725  -12.3303
5.3005  -12.3307
5.30375  -12.3311
5.307  -12.3315
5.31025  -12.3319
5.3135  -12.3322
5.31675  -12.3326
5.32  -12.333
5.32325  -12.3334
5.3265  -12.3338
5.32975  -12.3342
5.333  -12.3346
5.33625  -12.335
5.3395  -12.3354
5.34275  -12.3358
5.346  -12.3362
5.34925  -12.3366
5.3525  -12.337
5.35575  -12.3374
5.359  -12.3378
5.36225  -12.3382
5.3655  -12.3387
5.36875  -12.3391
5.372  -12.3395
5.37525  -12.3399
5.3785  -12.3403
5.38175  -12.3406
5.385  -12.341
5.38825  -12.3414
5.3915  -12.3418
5.39475  -12.3421
5.398  -12.3425
5.40125  -12.3429
5.4045  -12.3433
5.40775  -12.3437
5.411  -12.344
5.41425  -12.3444
5.4175  -12.3448
5.42075  -12.3452
5.424  -12.3456
5.42725  -12.346
5.4305  -12.3464
5.43375  -12.3468
5.437  -12.3472
5.44025  -12.3476
5.4435  -12.348
5.44675  -12.3484
5.45  -12.3488
5.45325  -12.3492
5.4565  -12.3497
5.45975  -12.3501
5.463  -12.3505
5.46625  -12.3509
5.4695  -12.3513
5.47275  -12.3517
5.476  -12.3522
5.47925  -12.3526
5.4825  -12.353
5.48575  -12.3535
5.489  -12.3539
5.49225  -12.3543
5.4955  -12.3548
5.49875  -12.3552
5.502  -12.3556
5.50525  -12.3561
5.5085  -12.3565
5.51175  -12.357
5.515  -12.3574
5.51825  -12.3579
5.5215  -12.3583
5.52475  -12.3588
5.528  -12.3592
5.53125  -12.3597
5.5345  -12.3602
5.53775  -12.3606
5.541  -12.3611
5.54425  -12.3616
5.5475  -12.362
5.55075  -12.3625
5.554  -12.363
5.55725  -12.3634
5.5605  -12.3639
5.56375  -12.3644
5.567  -12.3649
5.57025  -12.3654
5.5735  -12.3658
5.57675  -12.3663
5.58  -12.3668
5.58325  -12.3673
5.5865  -12.3678
5.58975  -12.3683
5.593  -12.3688
5.59625  -12.3693
5.5995  -12.3698
5.60275  -12.3703
5.606  -12.3708
5.60925  -12.3713
5.6125  -12.3718
5.61575  -12.3723
5.619  -12.3729
5.62225  -12.3734
5.6255  -12.3739
5.62875  -12.3741
5.632  -12.3743
5.63525  -12.3745
5.6385  -12.3748
5.64175  -12.375
5.645  -12.3753
5.64825  -12.3755
5.6515  -12.3757
5.65475  -12.376
5.658  -12.3762
5.66125  -12.3765
5.6645  -12.3767
5.66775  -12.3769
5.671  -12.3772
5.67425  -12.3774
5.6775  -12.3777
5.68075  -12.3779
5.684  -12.3782
5.68725  -12.3784
5.6905  -12.3787
5.69375  -12.3789
5.697  -12.3792
5.70025  -12.3795
5.7035  -12.3797
5.70675  -12.38
5.71  -12.3802
5.71325  -12.3805
5.7165  -12.3808
5.71975  -12.381
5.723  -12.3813
5.72625  -12.3816
5.7295  -12.3818
5.73275  -12.3821
5.736  -12.3824
5.73925  -12.3826
5.7425  -12.3829
5.74575  -12.3832
5.749  -12.3835
5.75225  -12.3837
5.7555  -12.384
5.75875  -12.3843
5.762  -12.3846
5.76525  -12.3848
5.7685  -12.3851
5.77175  -12.3854
5.775  -12.3857
5.77825  -12.386
5.7815  -12.3863
5.78475  -12.3866
5.788  -12.3869
5.79125  -12.3871
5.7945  -12.3874
5.79775  -12.3877
5.801  -12.388
5.80425  -12.3883
5.8075  -12.3886
5.81075  -12.3889
5.814  -12.3892
5.81725  -12.3895
5.8205  -12.3898
5.82375  -12.3901
5.827  -12.3904
5.83025  -12.3907
5.8335  -12.3911
5.83675  -12.3914
5.84  -12.3917
5.84325  -12.392
5.8465  -12.3923
5.84975  -12.3926
5.853  -12.3929
5.85625  -12.3932
5.8595  -12.3936
5.86275  -12.3939
5.866  -12.3942
5.86925  -12.3945
5.8725  -12.3948
5.87575  -12.3951
5.879  -12.3952
5.88225  -12.3952
5.8855  -12.3953
5.88875  -12.3954
5.892  -12.3954
5.89525  -12.3955
5.8985  -12.3956
5.90175  -12.3956
5.905  -12.3957
5.90825  -12.3958
5.9115  -12.3959
5.91475  -12.3959
5.918  -12.396
5.92125  -12.3961
5.9245  -12.3962
5.92775  -12.3962
5.931  -12.3963
5.93425  -12.3964
5.9375  -12.3965
5.94075  -12.3965
5.944  -12.3966
5.94725  -12.3967
5.9505  -12.3968
5.95375  -12.3969
5.957  -12.3969
5.96025  -12.397
5.9635  -12.3971
5.96675  -12.3972
5.97  -12.3973
5.97325  -12.3974
5.9765  -12.3974
5.97975  -12.3975
5.983  -12.3976
5.98625  -12.3977
5.9895  -12.3978
5.99275  -12.3979
5.996  -12.398
5.99925  -12.3981
6.0025  -12.3982
6.00575  -12.3983
6.009  -12.3983
6.01225  -12.3984
6.0155  -12.3985
6.01875  -12.3986
6.022  -12.3987
6.02525  -12.3988
6.0285  -12.3989
6.03175  -12.399
6.035  -12.3991
6.03825  -12.3992
6.0415  -12.3993
6.04475  -12.3994
6.048  -12.3995
6.05125  -12.3996
6.0545  -12.3997
6.05775  -12.3998
6.061  -12.3999
6.06425  -12.4
6.0675  -12.4001
6.07075  -12.4002
6.074  -12.4004
6.07725  -12.4005
6.0805  -12.4006
6.08375  -12.4007
6.087  -12.4008
6.09025  -12.4009
6.0935  -12.401
6.09675  -12.4011
6.1  -12.4012
6.10325  -12.4013
6.1065  -12.4015
6.10975  -12.4016
6.113  -12.4017
6.11625  -12.4018
6.1195  -12.4019
6.12275  -12.402
6.126  -12.4023
6.12925  -12.4029
6.1325  -12.4035
6.13575  -12.4041
6.139  -12.4047
6.14225  -12.4054
6.1455  -12.406
6.14875  -12.4066
6.152  -12.4072
6.15525  -12.4079
6.1585  -12.4085
6.16175  -12.4091
6.165  -12.4097
6.16825  -12.4104
6.1715  -12.411
6.17475  -12.4117
6.178  -12.4123
6.18125  -12.4129
6.1845  -12.4136
6.18775  -12.4142
6.191  -12.4149
6.19425  -12.4155
6.1975  -12.4162
6.20075  -12.4168
6.204  -12.4175
6.20725  -12.4181
6.2105  -12.4188
6.21375  -12.4195
6.217  -12.4201
6.22025  -12.4208
6.2235  -12.4215
6.22675  -12.4221
6.23  -12.4228
6.23325  -12.4235
6.2365  -12.4242
6.23975  -12.4249
6.243  -12.4255
6.24625  -12.4262
6.2495  -12.4269
6.25275  -12.4276
6.256  -12.4283
6.25925  -12.429
6.2625  -12.4297
6.26575  -12.4304
6.269  -12.4311
6.27225  -12.4318
6.2755  -12.4325
6.27875  -12.4332
6.282  -12.4339
6.28525  -12.4346
6.2885  -12.4353
6.29175  -12.436
6.295  -12.4368
6.29825  -12.4375
6.3015  -12.4382
6.30475  -12.4389
6.308  -12.4397
6.31125  -12.4404
6.3145  -12.4411
6.31775  -12.4419
6.321  -12.4426
6.32425  -12.4433
6.3275  -12.4441
6.33075  -12.4448
6.334  -12.4456
6.33725  -12.4463
6.3405  -12.4471
6.34375  -12.4478
6.347  -12.4486
6.35025  -12.4493
6.3535  -12.4501
6.35675  -12.4509
6.36  -12.4516
6.36325  -12.4524
6.3665  -12.4532
6.36975  -12.454
6.373  -12.4547
6.37625  -12.4552
6.3795  -12.4553
6.38275  -12.4554
6.386  -12.4555
6.38925  -12.4556
6.3925  -12.4557
6.39575  -12.4558
6.399  -12.4558
6.40225  -12.4559
6.4055  -12.456
6.40875  -12.4561
6.412  -12.4562
6.41525  -12.4563
6.4185  -12.4564
6.42175  -12.4565
6.425  -12.4566
6.42825  -12.4567
6.4315  -12.4568
6.43475  -12.4569
6.438  -12.4569
6.44125  -12.457
6.4445  -12.4571
6.44775  -12.4572
6.451  -12.4573
6.45425  -12.4574
6.4575  -12.4575
6.46075  -12.4576
6.464  -12.4577
6.46725  -12.4578
6.4705  -12.4579
6.47375  -12.458
6.477  -12.4581
6.48025  -12.4582
6.4835  -12.4583
6.48675  -12.4584
6.49  -12.4585
6.49325  -12.4586
6.4965  -12.4587
6.49975  -12.4588
6.503  -12.4589
6.50625  -12.459
6.5095  -12.4591
6.51275  -12.4593
6.516  -12.4594
6.51925  -12.4595
6.5225  -12.4596
6.52575  -12.4597
6.529  -12.4598
6.53225  -12.4599
6.5355  -12.46
6.53875  -12.4601
6.542  -12.4602
6.54525  -12.4603
6.5485  -12.4604
6.55175  -12.4606
6.555  -12.4607
6.55825  -12.4608
6.5615  -12.4609
6.56475  -12.461
6.568  -12.4611
6.57125  -12.4612
6.5745  -12.4614
6.57775  -12.4615
6.581  -12.4616
6.58425  -12.4617
6.5875  -12.4618
6.59075  -12.4619
6.594  -12.4621
6.59725  -12.4622
6.6005  -12.4623
6.60375  -12.4624
6.607  -12.4625
6.61025  -12.4627
6.6135  -12.4628
6.61675  -12.4629
6.62  -12.463
6.62325  -12.4631
6.6265  -12.4634
6.62975  -12.4638
6.633  -12.4642
6.63625  -12.4646
6.6395  -12.465
6.64275  -12.4654
6.646  -12.4658
6.64925  -12.4662
6.6525  -12.4666
6.65575  -12.467
6.659  -12.4674
6.66225  -12.4678
6.6655  -12.4682
6.66875  -12.4686
6.672  -12.469
6.67525  -12.4694
6.6785  -12.4698
6.68175  -12.4702
6.685  -12.4707
6.68825  -12.4711
6.6915  -12.4715
6.69475  -12.4719
6.698  -12.4723
6.70125  -12.4727
6.7045  -12.4732
6.70775  -12.4736
6.711  -12.474
6.71425  -12.4744
6.7175  -12.4748
6.72075  -12.4753
6.724  -12.4757
6.72725  -12.4761
6.7305  -12.4765
6.73375  -12.477
6.737  -12.4774
6.74025  -12.4778
6.7435  -12.4783
6.74675  -12.4787
6.75  -12.4791
6.75325  -12.4796
6.7565  -12.48
6.75975  -12.4804
6.763  -12.4809
6.76625  -12.4813
6.7695  -12.4818
6.77275  -12.4822
6.776  -12.4826
6.77925  -12.4831
6.7825  -12.4835
6.78575  -12.484
6.789  -12.4844
6.79225  -12.4849
6.7955  -12.4853
6.79875  -12.4858
6.802  -12.4862
6.80525  -12.4867
6.8085  -12.4871
6.81175  -12.4876
6.815  -12.488
6.81825  -12.4885
6.8215  -12.489
6.82475  -12.4894
6.828  -12.4899
6.83125  -12.4903
6.8345  -12.4908
6.83775  -12.4913
6.841  -12.4917
6.84425  -12.4922
6.8475  -12.4927
6.85075  -12.4931
6.854  -12.4936
6.85725  -12.4941
6.8605  -12.4945
6.86375  -12.495
6.867  -12.4955
6.87025  -12.496
6.8735  -12.4964
6.87675  -12.4969
6.88  -12.4973
6.88325  -12.4978
6.8865  -12.4982
6.88975  -12.4987
6.893  -12.4991
6.89625  -12.4996
6.8995  -12.5
6.90275  -12.5005
6.906  -12.5009
6.90925  -12.5014
6.9125  -12.5019
6.91575  -12.5023
6.919  -12.5028
6.92225  -12.5032
6.9255  -12.5037
6.92875  -12.5041
6.932  -12.5046
6.93525  -12.5051
6.9385  -12.5055
6.94175  -12.506
6.945  -12.5065
6.94825  -12.5069
6.9515  -12.5074
6.95475  -12.5079
6.958  -12.5083
6.96125  -12.5088
6.9645  -12.5093
6.96775  -12.5098
6.971  -12.5102
6.97425  -12.5107
6.9775  -12.5112
6.98075  -12.5117
6.984  -12.5122
6.98725  -12.5126
6.9905  -12.5131
6.99375  -12.5136
6.997  -12.5141
7.00025  -12.5146
7.0035  -12.5151
7.00675  -12.5155
7.01  -12.516
7.01325  -12.5165
7.0165  -12.517
7.01975  -12.5175
7.023  -12.518
7.02625  -12.5185
7.0295  -12.519
7.03275  -12.5195
7.036  -12.52
7.03925  -12.5205
7.0425  -12.521
7.04575  -12.5215
7.049  -12.522
7.05225  -12.5225
7.0555  -12.523
7.05875  -12.5235
7.062  -12.524
7.06525  -12.5245
7.0685  -12.525
7.07175  -12.5255
7.075  -12.5261
7.07825  -12.5266
7.0815  -12.5271
7.08475  -12.5276
7.088  -12.5281
7.09125  -12.5286
7.0945  -12.5292
7.09775  -12.5297
7.101  -12.5302
7.10425  -12.5307
7.1075  -12.5312
7.11075  -12.5318
7.114  -12.5323
7.11725  -12.5328
7.1205  -12.5334
7.12375  -12.5339
7.127  -12.5342
7.13025  -12.5344
7.1335  -12.5347
7.13675  -12.5349
7.14  -12.5351
7.14325  -12.5354
7.1465  -12.5356
7.14975  -12.5358
7.153  -12.536
7.15625  -12.5363
7.1595  -12.5365
7.16275  -12.5367
7.166  -12.537
7.16925  -12.5372
7.1725  -12.5374
7.17575  -12.5377
7.179  -12.5379
7.18225  -12.5381
7.1855  -12.5383
7.18875  -12.5386
7.192  -12.5388
7.19525  -12.5391
7.1985  -12.5393
7.20175  -12.5395
7.205  -12.5398
7.20825  -12.54
7.2115  -12.5402
7.21475  -12.5405
7.218  -12.5407
7.22125  -12.541
7.2245  -12.5412
7.22775  -12.5414
7.231  -12.5417
7.23425  -12.5419
7.2375  -12.5422
7.24075  -12.5424
7.244  -12.5426
7.24725  -12.5429
7.2505  -12.5431
7.25375  -12.5434
7.257  -12.5436
7.26025  -12.5439
7.2635  -12.5441
7.26675  -12.5444
7.27  -12.5446
7.27325  -12.5448
7.2765  -12.5451
7.27975  -12.5453
7.283  -12.5456
7.28625  -12.5458
7.2895  -12.5461
7.29275  -12.5463
7.296  -12.5466
7.29925  -12.5468
7.3025  -12.5471
7.30575  -12.5473
7.309  -12.5476
7.31225  -12.5479
7.3155  -12.5481
7.31875  -12.5484
7.322  -12.5486
7.32525  -12.5489
7.3285  -12.5491
7.33175  -12.5494
7.335  -12.5496
7.33825  -12.5499
7.3415  -12.5502
7.34475  -12.5504
7.348  -12.5507
7.35125  -12.5509
7.3545  -12.5512
7.35775  -12.5515
7.361  -12.5517
7.36425  -12.552
7.3675  -12.5522
7.37075  -12.5525
7.374  -12.5528
7.37725  -12.5532
7.3805  -12.5538
7.38375  -12.5544
7.387  -12.555
7.39025  -12.5555
7.3935  -12.5561
7.39675  -12.5567
7.4  -12.5573
7.40325  -12.5579
7.4065  -12.5584
7.40975  -12.559
7.413  -12.5596
7.41625  -12.5602
7.4195  -12.5608
7.42275  -12.5614
7.426  -12.562
7.42925  -12.5625
7.4325  -12.5631
7.43575  -12.5637
7.439  -12.5643
7.44225  -12.5649
7.4455  -12.5655
7.44875  -12.5661
7.452  -12.5667
7.45525  -12.5673
7.4585  -12.5679
7.46175  -12.5685
7.465  -12.5691
7.46825  -12.5697
7.4715  -12.5704
7.47475  -12.571
7.478  -12.5716
7.48125  -12.5722
7.4845  -12.5728
7.48775  -12.5734
7.491  -12.574
7.49425  -12.5747
7.4975  -12.5753
7.50075  -12.5759
7.504  -12.5765
7.50725  -12.5771
7.5105  -12.5778
7.51375  -12.5784
7.517  -12.579
7.52025  -12.5797
7.5235  -12.5803
7.52675  -12.5809
7.53  -12.5816
7.53325  -12.5822
7.5365  -12.5828
7.53975  -12.5835
7.543  -12.5841
7.54625  -12.5848
7.5495  -12.5854
7.55275  -12.586
7.556  -12.5867
7.55925  -12.5873
7.5625  -12.588
7.56575  -12.5886
7.569  -12.5893
7.57225  -12.5899
7.5755  -12.5906
7.57875  -12.5913
7.582  -12.5919
7.58525  -12.5926
7.5885  -12.5932
7.59175  -12.5939
7.595  -12.5946
7.59825  -12.5952
7.6015  -12.5959
7.60475  -12.5966
7.608  -12.5972
7.61125  -12.5979
7.6145  -12.5986
7.61775  -12.5993
7.621  -12.5999
7.62425  -12.6006
7.6275  -12.6011
7.63075  -12.6015
7.634  -12.6019
7.63725  -12.6023
7.6405  -12.6027
7.64375  -12.6031
7.647  -12.6035
7.65025  -12.6039
7.6535  -12.6043
7.65675  -12.6047
7.66  -12.6051
7.66325  -12.6055
7.6665  -12.6059
7.66975  -12.6063
7.673  -12.6067
7.67625  -12.6071
7.6795  -12.6075
7.68275  -12.6079
7.686  -12.6083
7.68925  -12.6088
7.6925  -12.6092
7.69575  -12.6096
7.699  -12.61
7.70225  -12.6104
7.7055  -12.6108
7.70875  -12.6112
7.712  -12.6117
7.71525  -12.6121
7.7185  -12.6125
7.72175  -12.6129
7.725  -12.6133
7.72825  -12.6137
7.7315  -12.6142
7.73475  -12.6146
7.738  -12.615
7.74125  -12.6154
7.7445  -12.6159
7.74775  -12.6163
7.751  -12.6167
7.75425  -12.6171
7.7575  -12.6176
7.76075  -12.618
7.764  -12.6184
7.76725  -12.6189
7.7705  -12.6193
7.77375  -12.6197
7.777  -12.6201
7.78025  -12.6206
7.7835  -12.621
7.78675  -12.6215
7.79  -12.6219
7.79325  -12.6223
7.7965  -12.6228
7.79975  -12.6232
7.803  -12.6236
7.80625  -12.6241
7.8095  -12.6245
7.81275  -12.625
7.816  -12.6254
7.81925  -12.6258
7.8225  -12.6263
7.82575  -12.6267
7.829  -12.6272
7.83225  -12.6276
7.8355  -12.6281
7.83875  -12.6285
7.842  -12.629
7.84525  -12.6294
7.8485  -12.6299
7.85175  -12.6303
7.855  -12.6308
7.85825  -12.6312
7.8615  -12.6317
7.86475  -12.6321
7.868  -12.6326
7.87125  -12.633
7.8745  -12.6335
7.87775  -12.6339
7.881  -12.6343
7.88425  -12.6346
7.8875  -12.635
7.89075  -12.6354
7.894  -12.6357
7.89725  -12.6361
7.9005  -12.6365
7.90375  -12.6369
7.907  -12.6373
7.91025  -12.6376
7.9135  -12.638
7.91675  -12.6384
7.92  -12.6388
7.92325  -12.6392
7.9265  -12.6395
7.92975  -12.6399
7.933  -12.6403
7.93625  -12.6407
7.9395  -12.6411
7.94275  -12.6414
7.946  -12.6418
7.94925  -12.6422
7.9525  -12.6426
7.95575  -12.643
7.959  -12.6434
7.96225  -12.6438
7.9655  -12.6442
7.96875  -12.6446
7.972  -12.6449
7.97525  -12.6453
7.9785  -12.6457
7.98175  -12.6461
7.985  -12.6465
7.98825  -12.6469
7.9915  -12.6473
7.99475  -12.6477
7.998  -12.6481
8.00125  -12.6485
8.0045  -12.6489
8.00775  -12.6493
8.011  -12.6497
8.01425  -12.6501
8.0175  -12.6505
8.02075  -12.6509
8.024  -12.6513
8.02725  -12.6517
8.0305  -12.6521
8.03375  -12.6525
8.037  -12.6529
8.04025  -12.6533
8.0435  -12.6537
8.04675  -12.6541
8.05  -12.6545
8.05325  -12.6549
8.0565  -12.6553
8.05975  -12.6557
8.063  -12.6562
8.06625  -12.6566
8.0695  -12.657
8.07275  -12.6574
8.076  -12.6578
8.07925  -12.6582
8.0825  -12.6586
8.08575  -12.659
8.089  -12.6595
8.09225  -12.6599
8.0955  -12.6603
8.09875  -12.6607
8.102  -12.6611
8.10525  -12.6616
8.1085  -12.662
8.11175  -12.6624
8.115  -12.6628
8.11825  -12.6632
8.1215  -12.6637
8.12475  -12.6641
8.128  -12.6642
8.13125  -12.6643
8.1345  -12.6644
8.13775  -12.6645
8.141  -12.6646
8.14425  -12.6647
8.1475  -12.6648
8.15075  -12.665
8.154  -12.6651
8.15725  -12.6652
8.1605  -12.6653
8.16375  -12.6654
8.167  -12.6655
8.17025  -12.6656
8.1735  -12.6657
8.17675  -12.6658
8.18  -12.6659
8.18325  -12.666
8.1865  -12.6661
8.18975  -12.6663
8.193  -12.6664
8.19625  -12.6665
8.1995  -12.6666
8.20275  -12.6667
8.206  -12.6668
8.20925  -12.6669
8.2125  -12.667
8.21575  -12.6671
8.219  -12.6672
8.22225  -12.6674
8.2255  -12.6675
8.22875  -12.6676
8.232  -12.6677
8.23525  -12.6678
8.2385  -12.6679
8.24175  -12.668
8.245  -12.6681
8.24825  -12.6683
8.2515  -12.6684
8.25475  -12.6685
8.258  -12.6686
8.26125  -12.6687
8.2645  -12.6688
8.26775  -12.6689
8.271  -12.669
8.27425  -12.6692
8.2775  -12.6693
8.28075  -12.6694
8.284  -12.6695
8.28725  -12.6696
8.2905  -12.6697
8.29375  -12.6699
8.297  -12.67
8.30025  -12.6701
8.3035  -12.6702
8.30675  -12.6703
8.31  -12.6704
8.31325  -12.6705
8.3165  -12.6707
8.31975  -12.6708
8.323  -12.6709
8.32625  -12.671
8.3295  -12.6711
8.33275  -12.6713
8.336  -12.6714
8.33925  -12.6715
8.3425  -12.6716
8.34575  -12.6717
8.349  -12.6718
8.35225  -12.672
8.3555  -12.6721
8.35875  -12.6722
8.362  -12.6723
8.36525  -12.6724
8.3685  -12.6726
8.37175  -12.6727
8.375  -12.6728
8.37825  -12.673
8.3815  -12.6731
8.38475  -12.6733
8.388  -12.6734
8.39125  -12.6736
8.3945  -12.6738
8.39775  -12.6739
8.401  -12.6741
8.40425  -12.6743
8.4075  -12.6744
8.41075  -12.6746
8.414  -12.6747
8.41725  -12.6749
8.4205  -12.6751
8.42375  -12.6752
8.427  -12.6754
8.43025  -12.6756
8.4335  -12.6757
8.43675  -12.6759
8.44  -12.6761
8.44325  -12.6762
8.4465  -12.6764
8.44975  -12.6765
8.453  -12.6767
8.45625  -12.6769
8.4595  -12.677
8.46275  -12.6772
8.466  -12.6774
8.46925  -12.6775
8.4725  -12.6777
8.47575  -12.6779
8.479  -12.678
8.48225  -12.6782
8.4855  -12.6784
8.48875  -12.6785
8.492  -12.6787
8.49525  -12.6789
8.4985  -12.6791
8.50175  -12.6792
8.505  -12.6794
8.50825  -12.6796
8.5115  -12.6797
8.51475  -12.6799
8.518  -12.6801
8.52125  -12.6802
8.5245  -12.6804
8.52775  -12.6806
8.531  -12.6808
8.53425  -12.6809
8.5375  -12.6811
8.54075  -12.6813
8.544  -12.6814
8.54725  -12.6816
8.5505  -12.6818
8.55375  -12.682
8.557  -12.6821
8.56025  -12.6823
8.5635  -12.6825
8.56675  -12.6827
8.57  -12.6828
8.57325  -12.683
8.5765  -12.6832
8.57975  -12.6834
8.583  -12.6835
8.58625  -12.6837
8.5895  -12.6839
8.59275  -12.6841
8.596  -12.6842
8.59925  -12.6844
8.6025  -12.6846
8.60575  -12.6848
8.609  -12.6849
8.61225  -12.6851
8.6155  -12.6853
8.61875  -12.6855
8.622  -12.6856
8.62525  -12.6858
8.6285  -12.6858
8.63175  -12.6858
8.635  -12.6859
8.63825  -12.6859
8.6415  -12.6859
8.64475  -12.6859
8.648  -12.6859
8.65125  -12.6859
8.6545  -12.686
8.65775  -12.686
8.661  -12.686
8.66425  -12.686
8.6675  -12.686
8.67075  -12.6861
8.674  -12.6861
8.67725  -12.6861
8.6805  -12.6861
8.68375  -12.6861
8.687  -12.6861
8.69025  -12.6862
8.6935  -12.6862
8.69675  -12.6862
8.7  -12.6862
8.70325  -12.6862
8.7065  -12.6863
8.70975  -12.6863
8.713  -12.6863
8.71625  -12.6863
8.7195  -12.6863
8.72275  -12.6864
8.726  -12.6864
8.72925  -12.6864
8.7325  -12.6864
8.73575  -12.6864
8.739  -12.6865
8.74225  -12.6865
8.7455  -12.6865
8.74875  -12.6865
8.752  -12.6865
8.75525  -12.6866
8.7585  -12.6866
8.76175  -12.6866
8.765  -12.6866
8.76825  -12.6867
8.7715  -12.6867
8.77475  -12.6867
8.778  -12.6867
8.78125  -12.6867
8.7845  -12.6868
8.78775  -12.6868
8.791  -12.6868
8.79425  -12.6868
8.7975  -12.6869
8.80075  -12.6869
8.804  -12.6869
8.80725  -12.6869
8.8105  -12.6869
8.81375  -12.687
8.817  -12.687
8.82025  -12.687
8.8235  -12.687
8.82675  -12.6871
8.83  -12.6871
8.83325  -12.6871
8.8365  -12.6871
8.83975  -12.6872
8.843  -12.6872
8.84625  -12.6872
8.8495  -12.6872
8.85275  -12.6872
8.856  -12.6873
8.85925  -12.6873
8.8625  -12.6873
8.86575  -12.6873
8.869  -12.6874
8.87225  -12.6874
8.8755  -12.6874
8.87875  -12.6875
8.882  -12.6876
8.88525  -12.6878
8.8885  -12.6879
8.89175  -12.688
8.895  -12.6881
8.89825  -12.6882
8.9015  -12.6883
8.90475  -12.6884
8.908  -12.6885
8.91125  -12.6886
8.9145  -12.6888
8.91775  -12.6889
8.921  -12.689
8.92425  -12.6891
8.9275  -12.6892
8.93075  -12.6893
8.934  -12.6894
8.93725  -12.6895
8.9405  -12.6896
8.94375  -12.6898
8.947  -12.6899
8.95025  -12.69
8.9535  -12.6901
8.95675  -12.6902
8.96  -12.6903
8.96325  -12.6904
8.9665  -12.6905
8.96975  -12.6907
8.973  -12.6908
8.97625  -12.6909
8.9795  -12.691
8.98275  -12.6911
8.986  -12.6912
8.98925  -12.6913
8.9925  -12.6915
8.99575  -12.6916
8.999  -12.6917
9.00225  -12.6918
9.0055  -12.6919
9.00875  -12.692
9.012  -12.6921
9.01525  -12.6923
9.0185  -12.6924
9.02175  -12.6925
9.025  -12.6926
9.02825  -12.6927
9.0315  -12.6928
9.03475  -12.693
9.038  -12.6931
9.04125  -12.6932
9.0445  -12.6933
9.04775  -12.6934
9.051  -12.6935
9.05425  -12.6937
9.0575  -12.6938
9.06075  -12.6939
9.064  -12.694
9.06725  -12.6941
9.0705  -12.6943
9.07375  -12.6944
9.077  -12.6945
9.08025  -12.6946
9.0835  -12.6947
9.08675  -12.6948
9.09  -12.695
9.09325  -12.6951
9.0965  -12.6952
9.09975  -12.6953
9.103  -12.6954
9.10625  -12.6956
9.1095  -12.6957
9.11275  -12.6958
9.116  -12.6959
9.11925  -12.696
9.1225  -12.6962
9.12575  -12.6964
9.129  -12.6969
9.13225  -12.6974
9.1355  -12.698
9.13875  -12.6985
9.142  -12.699
9.14525  -12.6996
9.1485  -12.7001
9.15175  -12.7007
9.155  -12.7012
9.15825  -12.7017
9.1615  -12.7023
9.16475  -12.7028
9.168  -12.7034
9.17125  -12.7039
9.1745  -12.7045
9.17775  -12.705
9.181  -12.7056
9.18425  -12.7061
9.1875  -12.7067
9.19075  -12.7072
9.194  -12.7078
9.19725  -12.7083
9.2005  -12.7089
9.20375  -12.7094
9.207  -12.71
9.21025  -12.7105
9.2135  -12.7111
9.21675  -12.7116
9.22  -12.7122
9.22325  -12.7128
9.2265  -12.7133
9.22975  -12.7139
9.233  -12.7144
9.23625  -12.715
9.2395  -12.7156
9.24275  -12.7161
9.246  -12.7167
9.24925  -12.7173
9.2525  -12.7178
9.25575  -12.7184
9.259  -12.719
9.26225  -12.7195
9.2655  -12.7201
9.26875  -12.7207
9.272  -12.7213
9.27525  -12.7218
9.2785  -12.7224
9.28175  -12.723
9.285  -12.7236
9.28825  -12.7241
9.2915  -12.7247
9.29475  -12.7253
9.298  -12.7259
9.30125  -12.7265
9.3045  -12.7271
9.30775  -12.7276
9.311  -12.7282
9.31425  -12.7288
9.3175  -12.7294
9.32075  -12.73
9.324  -12.7306
9.32725  -12.7312
9.3305  -12.7318
9.33375  -12.7324
9.337  -12.7329
9.34025  -12.7335
9.3435  -12.7341
9.34675  -12.7347
9.35  -12.7353
9.35325  -12.7359
9.3565  -12.7365
9.35975  -12.7371
9.363  -12.7377
9.36625  -12.7383
9.3695  -12.7389
9.37275  -12.7396
9.376  -12.7402
9.37925  -12.7411
9.3825  -12.742
9.38575  -12.7429
9.389  -12.7438
9.39225  -12.7447
9.3955  -12.7456
9.39875  -12.7465
9.402  -12.7474
9.40525  -12.7483
9.4085  -12.7492
9.41175  -12.7501
9.415  -12.751
9.41825  -12.7519
9.4215  -12.7528
9.42475  -12.7537
9.428  -12.7546
9.43125  -12.7555
9.4345  -12.7565
9.43775  -12.7574
9.441  -12.7583
9.44425  -12.7592
9.4475  -12.7602
9.45075  -12.7611
9.454  -12.762
9.45725  -12.763
9.4605  -12.7639
9.46375  -12.7648
9.467  -12.7658
9.47025  -12.7667
9.4735  -12.7677
9.47675  -12.7686
9.48  -12.7696
9.48325  -12.7705
9.4865  -12.7715
9.48975  -12.7725
9.493  -12.7734
9.49625  -12.7744
9.4995  -12.7754
9.50275  -12.7763
9.506  -12.7773
9.50925  -12.7783
9.5125  -12.7792
9.51575  -12.7802
9.519  -12.7812
9.52225  -12.7822
9.5255  -12.7832
9.52875  -12.7842
9.532  -12.7852
9.53525  -12.7862
9.5385  -12.7872
9.54175  -12.7882
9.545  -12.7892
9.54825  -12.7902
9.5515  -12.7912
9.55475  -12.7922
9.558  -12.7932
9.56125  -12.7942
9.5645  -12.7952
9.56775  -12.7962
9.571  -12.7973
9.57425  -12.7983
9.5775  -12.7993
9.58075  -12.8004
9.584  -12.8014
9.58725  -12.8024
9.5905  -12.8035
9.59375  -12.8045
9.597  -12.8056
9.60025  -12.8066
9.6035  -12.8077
9.60675  -12.8087
9.61  -12.8098
9.61325  -12.8108
9.6165  -12.8119
9.61975  -12.813
9.623  -12.814
9.62625  -12.8147
9.6295  -12.8147
9.63275  -12.8148
9.636  -12.8148
9.63925  -12.8148
9.6425  -12.8149
9.64575  -12.8149
9.649  -12.8149
9.65225  -12.815
9.6555  -12.815
9.65875  -12.815
9.662  -12.8151
9.66525  -12.8151
9.6685  -12.8151
9.67175  -12.8152
9.675  -12.8152
9.67825  -12.8152
9.6815  -12.8153
9.68475  -12.8153
9.688  -12.8153
9.69125  -12.8154
9.6945  -12.8154
9.69775  -12.8154
9.701  -12.8155
9.70425  -12.8155
9.7075  -12.8155
9.71075  -12.8156
9.714  -12.8156
9.71725  -12.8156
9.7205  -12.8157
9.72375  -12.8157
9.727  -12.8157
9.73025  -12.8158
9.7335  -12.8158
9.73675  -12.8158
9.74  -12.8159
9.74325  -12.8159
9.7465  -12.8159
9.74975  -12.816
9.753  -12.816
9.75625  -12.816
9.7595  -12.8161
9.76275  -12.8161
9.766  -12.8162
9.76925  -12.8162
9.7725  -12.8162
9.77575  -12.8163
9.779  -12.8163
9.78225  -12.8163
9.7855  -12.8164
9.78875  -12.8164
9.792  -12.8164
9.79525  -12.8165
9.7985  -12.8165
9.80175  -12.8165
9.805  -12.8166
9.80825  -12.8166
9.8115  -12.8166
9.81475  -12.8167
9.818  -12.8167
9.82125  -12.8168
9.8245  -12.8168
9.82775  -12.8168
9.831  -12.8169
9.83425  -12.8169
9.8375  -12.8169
9.84075  -12.817
9.844  -12.817
9.84725  -12.817
9.8505  -12.8171
9.85375  -12.8171
9.857  -12.8172
9.86025  -12.8172
9.8635  -12.8172
9.86675  -12.8173
9.87  -12.8173
9.87325  -12.8173
9.8765  -12.8172
9.87975  -12.817
9.883  -12.8167
9.88625  -12.8165
9.8895  -12.8162
9.89275  -12.816
9.896  -12.8157
9.89925  -12.8155
9.9025  -12.8152
9.90575  -12.815
9.909  -12.8147
9.91225  -12.8145
9.9155  -12.8142
9.91875  -12.814
9.922  -12.8137
9.92525  -12.8135
9.9285  -12.8132
9.93175  -12.813
9.935  -12.8127
9.93825  -12.8125
9.9415  -12.8122
9.94475  -12.812
9.948  -12.8117
9.95125  -12.8115
9.9545  -12.8112
9.95775  -12.811
9.961  -12.8107
9.96425  -12.8105
9.9675  -12.8102
9.97075  -12.81
9.974  -12.8098
9.97725  -12.8095
9.9805  -12.8093
9.98375  -12.809
9.987  -12.8088
9.99025  -12.8085
9.9935  -12.8083
9.99675  -12.808
