0.25  -12.8378
0.25325  -14.1039
0.2565  -13.0455
0.25975  -12.4429
0.263  -12.1167
0.26625  -11.9087
0.2695  -11.7691
0.27275  -11.6761
0.276  -11.6182
0.27925  -11.5891
0.2825  -11.5848
0.28575  -11.6034
0.289  -11.6442
0.29225  -11.7076
0.2955  -11.7957
0.29875  -11.912
0.302  -12.0636
0.30525  -12.263
0.3085  -12.5357
0.31175  -12.9429
0.315  -13.6858
0.31825  -13.9656
0.3215  -13.1029
0.32475  -12.6683
0.328  -12.393
0.33125  -12.1983
0.3345  -12.0529
0.33775  -11.9413
0.341  -11.8548
0.34425  -11.7878
0.3475  -11.7368
0.35075  -11.6993
0.354  -11.6735
0.35725  -11.658
0.3605  -11.652
0.36375  -11.6548
0.367  -11.6658
0.37025  -11.6849
0.3735  -11.7119
0.37675  -11.7448
0.38  -11.7843
0.38325  -11.8322
0.3865  -11.8891
0.38975  -11.956
0.393  -12.034
0.39625  -12.125
0.3995  -12.2314
0.40275  -12.3571
0.406  -12.508
0.40925  -12.6936
0.4125  -12.9312
0.41575  -13.2564
0.419  -13.7537
0.42225  -14.4453
0.4255  -13.9014
0.42875  -13.3632
0.432  -13.0251
0.43525  -12.7855
0.4385  -12.6026
0.44175  -12.4565
0.445  -12.3361
0.44825  -12.235
0.4515  -12.1488
0.45475  -12.0746
0.458  -12.0102
0.46125  -11.9541
0.4645  -11.905
0.46775  -11.8622
0.471  -11.8248
0.47425  -11.7922
0.4775  -11.7639
0.48075  -11.7396
0.484  -11.7189
0.48725  -11.7015
0.4905  -11.6872
0.49375  -11.6757
0.497  -11.667
0.50025  -11.6608
0.5035  -11.657
0.50675  -11.6555
0.51  -11.6562
0.51325  -11.6591
0.5165  -11.664
0.51975  -11.671
0.523  -11.6799
0.52625  -11.6908
0.5295  -11.7035
0.53275  -11.7182
0.536  -11.7348
0.53925  -11.7533
0.5425  -11.7738
0.54575  -11.7962
0.549  -11.8206
0.55225  -11.847
0.5555  -11.8756
0.55875  -11.9064
0.562  -11.9395
0.56525  -11.975
0.5685  -12.0131
0.57175  -12.054
0.575  -12.0978
0.57825  -12.1448
0.5815  -12.1953
0.58475  -12.2497
0.588  -12.3084
0.59125  -12.3719
0.5945  -12.4409
0.59775  -12.5163
0.601  -12.5992
0.60425  -12.691
0.6075  -12.7936
0.61075  -12.9096
0.614  -13.043
0.61725  -13.1995
0.6205  -13.388
0.62375  -13.6241
0.627  -13.9347
0.63025  -14.3549
0.6335  -14.693
0.63675  -14.3655
0.64  -13.9546
0.64325  -13.653
0.6465  -13.4258
0.64975  -13.246
0.653  -13.0983
0.65625  -12.9735
0.6595  -12.8659
0.66275  -12.7717
0.666  -12.6881
0.66925  -12.6132
0.6725  -12.5456
0.67575  -12.4841
0.679  -12.4279
0.68225  -12.3763
0.6855  -12.3286
0.68875  -12.2845
0.692  -12.2436
0.69525  -12.2055
0.6985  -12.1699
0.70175  -12.1367
0.705  -12.1055
0.70825  -12.0764
0.7115  -12.0489
0.71475  -12.0232
0.718  -11.9989
0.72125  -11.9761
0.7245  -11.9546
0.72775  -11.9344
0.731  -11.9152
0.73425  -11.8972
0.7375  -11.8802
0.74075  -11.8642
0.744  -11.8491
0.74725  -11.8349
0.7505  -11.8214
0.75375  -11.8088
0.757  -11.7969
0.76025  -11.7857
0.7635  -11.7752
0.76675  -11.7653
0.77  -11.756
0.77325  -11.7474
0.7765  -11.7393
0.77975  -11.7317
0.783  -11.7247
0.78625  -11.7182
0.7895  -11.7122
0.79275  -11.7066
0.796  -11.7015
0.79925  -11.6968
0.8025  -11.6926
0.80575  -11.6887
0.809  -11.6853
0.81225  -11.6822
0.8155  -11.6795
0.81875  -11.6772
0.822  -11.6752
0.82525  -11.6736
0.8285  -11.6723
0.83175  -11.6713
0.835  -11.6707
0.83825  -11.6703
0.8415  -11.6703
0.84475  -11.6705
0.848  -11.671
0.85125  -11.6718
0.8545  -11.6729
0.85775  -11.6742
0.861  -11.6758
0.86425  -11.6777
0.8675  -11.6798
0.87075  -11.6822
0.874  -11.6848
0.87725  -11.6871
0.8805  -11.6893
0.88375  -11.6918
0.887  -11.6946
0.89025  -11.6975
0.8935  -11.7007
0.89675  -11.7041
0.9  -11.7077
0.90325  -11.7115
0.9065  -11.7155
0.90975  -11.7198
0.913  -11.7242
0.91625  -11.7289
0.9195  -11.7337
0.92275  -11.7388
0.926  -11.744
0.92925  -11.7494
0.9325  -11.7551
0.93575  -11.7609
0.939  -11.7669
0.94225  -11.7732
0.9455  -11.7796
0.94875  -11.7862
0.952  -11.793
0.95525  -11.7999
0.9585  -11.8071
0.96175  -11.8145
0.965  -11.822
0.96825  -11.8298
0.9715  -11.8377
0.97475  -11.8458
0.978  -11.8541
0.98125  -11.8626
0.9845  -11.8713
0.98775  -11.8802
0.991  -11.8893
0.99425  -11.8986
0.9975  -11.908
1.00075  -11.9177
1.004  -11.9276
1.00725  -11.9377
1.0105  -11.9479
1.01375  -11.9584
1.017  -11.9691
1.02025  -11.98
1.0235  -11.9911
1.02675  -12.0025
1.03  -12.014
1.03325  -12.0258
1.0365  -12.0378
1.03975  -12.05
1.043  -12.0625
1.04625  -12.0752
1.0495  -12.0881
1.05275  -12.1013
1.056  -12.1147
1.05925  -12.1284
1.0625  -12.1424
1.06575  -12.1566
1.069  -12.1711
1.07225  -12.1859
1.0755  -12.201
1.07875  -12.2164
1.082  -12.2321
1.08525  -12.2481
1.0885  -12.2644
1.09175  -12.281
1.095  -12.298
1.09825  -12.3154
1.1015  -12.3331
1.10475  -12.3512
1.108  -12.3697
1.11125  -12.3886
1.1145  -12.4079
1.11775  -12.4276
1.121  -12.4478
1.12425  -12.4685
1.1275  -12.4892
1.13075  -12.5104
1.134  -12.532
1.13725  -12.5543
1.1405  -12.5771
1.14375  -12.6005
1.147  -12.6246
1.15025  -12.6494
1.1535  -12.6749
1.15675  -12.7011
1.16  -12.7282
1.16325  -12.7561
1.1665  -12.7849
1.16975  -12.8147
1.173  -12.8455
1.17625  -12.8774
1.1795  -12.9105
1.18275  -12.9448
1.186  -12.9805
1.18925  -13.0177
1.1925  -13.0564
1.19575  -13.0969
1.199  -13.1392
1.20225  -13.1837
1.2055  -13.2304
1.20875  -13.2797
1.212  -13.3317
1.21525  -13.3869
1.2185  -13.4456
1.22175  -13.5084
1.225  -13.5758
1.22825  -13.6484
1.2315  -13.7272
1.23475  -13.8133
1.238  -13.9081
1.24125  -14.0132
1.2445  -14.1311
1.24775  -14.2645
1.251  -14.4167
1.25425  -14.5906
1.2575  -14.7839
1.26075  -14.9743
1.264  -15.0898
1.26725  -15.0467
1.2705  -14.8819
1.27375  -14.6874
1.277  -14.506
1.28025  -14.3464
1.2835  -14.2072
1.28675  -14.085
1.29  -13.9768
1.29325  -13.88
1.2965  -13.7926
1.29975  -13.7131
1.303  -13.6403
1.30625  -13.5731
1.3095  -13.5109
1.31275  -13.4529
1.316  -13.3986
1.31925  -13.3477
1.3225  -13.2997
1.32575  -13.2544
1.329  -13.2114
1.33225  -13.1706
1.3355  -13.1318
1.33875  -13.0948
1.342  -13.0594
1.34525  -13.0255
1.3485  -12.993
1.35175  -12.9618
1.355  -12.9318
1.35825  -12.9029
1.3615  -12.875
1.36475  -12.8481
1.368  -12.8222
1.37125  -12.7971
1.3745  -12.7728
1.37775  -12.75
1.381  -12.7282
1.38425  -12.707
1.3875  -12.6864
1.39075  -12.6665
1.394  -12.6471
1.39725  -12.6283
1.4005  -12.61
1.40375  -12.5923
1.407  -12.575
1.41025  -12.5581
1.4135  -12.5417
1.41675  -12.5257
1.42  -12.5101
1.42325  -12.4949
1.4265  -12.48
1.42975  -12.4655
1.433  -12.4514
1.43625  -12.4376
1.4395  -12.424
1.44275  -12.4108
1.446  -12.3979
1.44925  -12.3853
1.4525  -12.3729
1.45575  -12.3608
1.459  -12.349
1.46225  -12.3374
1.4655  -12.326
1.46875  -12.3149
1.472  -12.304
1.47525  -12.2933
1.4785  -12.2828
1.48175  -12.2725
1.485  -12.2624
1.48825  -12.2525
1.4915  -12.2428
1.49475  -12.2333
1.498  -12.2239
1.50125  -12.2148
1.5045  -12.2057
1.50775  -12.1969
1.511  -12.1882
1.51425  -12.1797
1.5175  -12.1713
1.52075  -12.163
1.524  -12.1549
1.52725  -12.1469
1.5305  -12.1391
1.53375  -12.1314
1.537  -12.1238
1.54025  -12.1164
1.5435  -12.109
1.54675  -12.1018
1.55  -12.0947
1.55325  -12.0878
1.5565  -12.0809
1.55975  -12.0741
1.563  -12.0675
1.56625  -12.0609
1.5695  -12.0545
1.57275  -12.0482
1.576  -12.0419
1.57925  -12.0358
1.5825  -12.0297
1.58575  -12.0237
1.589  -12.0178
1.59225  -12.0121
1.5955  -12.0063
1.59875  -12.0007
1.602  -11.9952
1.60525  -11.9897
1.6085  -11.9844
1.61175  -11.9791
1.615  -11.9738
1.61825  -11.9687
1.6215  -11.9636
1.62475  -11.9586
1.628  -11.9539
1.63125  -11.9493
1.6345  -11.9447
1.63775  -11.9402
1.641  -11.9358
1.64425  -11.9314
1.6475  -11.9271
1.65075  -11.9228
1.654  -11.9187
1.65725  -11.9145
1.6605  -11.9105
1.66375  -11.9065
1.667  -11.9025
1.67025  -11.8987
1.6735  -11.8948
1.67675  -11.8911
1.68  -11.8873
1.68325  -11.8837
1.6865  -11.88
1.68975  -11.8765
1.693  -11.873
1.69625  -11.8695
1.6995  -11.8661
1.70275  -11.8627
1.706  -11.8594
1.70925  -11.8561
1.7125  -11.8529
1.71575  -11.8497
1.719  -11.8466
1.72225  -11.8435
1.7255  -11.8404
1.72875  -11.8374
1.732  -11.8344
1.73525  -11.8315
1.7385  -11.8286
1.74175  -11.8258
1.745  -11.823
1.74825  -11.8202
1.7515  -11.8175
1.75475  -11.8148
1.758  -11.8121
1.76125  -11.8095
1.7645  -11.8069
1.76775  -11.8044
1.771  -11.8018
1.77425  -11.7994
1.7775  -11.7969
1.78075  -11.7945
1.784  -11.7921
1.78725  -11.7898
1.7905  -11.7875
1.79375  -11.7852
1.797  -11.783
1.80025  -11.7808
1.8035  -11.7786
1.80675  -11.7764
1.81  -11.7743
1.81325  -11.7722
1.8165  -11.7701
1.81975  -11.7681
1.823  -11.7661
1.82625  -11.7641
1.8295  -11.7622
1.83275  -11.7602
1.836  -11.7583
1.83925  -11.7565
1.8425  -11.7546
1.84575  -11.7528
1.849  -11.751
1.85225  -11.7492
1.8555  -11.7475
1.85875  -11.7458
1.862  -11.7441
1.86525  -11.7424
1.8685  -11.7408
1.87175  -11.7392
1.875  -11.7376
1.87825  -11.7361
1.8815  -11.7347
1.88475  -11.7332
1.888  -11.7318
1.89125  -11.7305
1.8945  -11.7291
1.89775  -11.7278
1.901  -11.7265
1.90425  -11.7252
1.9075  -11.7239
1.91075  -11.7227
1.914  -11.7214
1.91725  -11.7202
1.9205  -11.719
1.92375  -11.7179
1.927  -11.7167
1.93025  -11.7156
1.9335  -11.7145
1.93675  -11.7134
1.94  -11.7123
1.94325  -11.7113
1.9465  -11.7102
1.94975  -11.7092
1.953  -11.7082
1.95625  -11.7073
1.9595  -11.7063
1.96275  -11.7053
1.966  -11.7044
1.96925  -11.7035
1.9725  -11.7026
1.97575  -11.7017
1.979  -11.7009
1.98225  -11.7
1.9855  -11.6992
1.98875  -11.6984
1.992  -11.6976
1.99525  -11.6968
1.9985  -11.6961
2.00175  -11.6953
2.005  -11.6946
2.00825  -11.6939
2.0115  -11.6932
2.01475  -11.6925
2.018  -11.6918
2.02125  -11.6911
2.0245  -11.6905
2.02775  -11.6899
2.031  -11.6892
2.03425  -11.6886
2.0375  -11.6881
2.04075  -11.6875
2.044  -11.6869
2.04725  -11.6864
2.0505  -11.6858
2.05375  -11.6853
2.057  -11.6848
2.06025  -11.6843
2.0635  -11.6838
2.06675  -11.6834
2.07  -11.6829
2.07325  -11.6825
2.0765  -11.682
2.07975  -11.6816
2.083  -11.6812
2.08625  -11.6808
2.0895  -11.6804
2.09275  -11.68
2.096  -11.6797
2.09925  -11.6793
2.1025  -11.679
2.10575  -11.6787
2.109  -11.6784
2.11225  -11.678
2.1155  -11.6778
2.11875  -11.6775
2.122  -11.6772
2.12525  -11.6769
2.1285  -11.6766
2.13175  -11.6764
2.135  -11.6761
2.13825  -11.6758
2.1415  -11.6756
2.14475  -11.6753
2.148  -11.6751
2.15125  -11.6749
2.1545  -11.6746
2.15775  -11.6744
2.161  -11.6742
2.16425  -11.6741
2.1675  -11.6739
2.17075  -11.6737
2.174  -11.6736
2.17725  -11.6734
2.1805  -11.6733
2.18375  -11.6731
2.187  -11.673
2.19025  -11.6729
2.1935  -11.6728
2.19675  -11.6727
2.2  -11.6726
2.20325  -11.6725
2.2065  -11.6725
2.20975  -11.6724
2.213  -11.6724
2.21625  -11.6723
2.2195  -11.6723
2.22275  -11.6723
2.226  -11.6722
2.22925  -11.6722
2.2325  -11.6722
2.23575  -11.6722
2.239  -11.6722
2.24225  -11.6723
2.2455  -11.6723
2.24875  -11.6723
2.252  -11.6724
2.25525  -11.6724
2.2585  -11.6725
2.26175  -11.6726
2.265  -11.6726
2.26825  -11.6727
2.2715  -11.6728
2.27475  -11.6729
2.278  -11.673
2.28125  -11.6731
2.2845  -11.6732
2.28775  -11.6734
2.291  -11.6735
2.29425  -11.6736
2.2975  -11.6738
2.30075  -11.6739
2.304  -11.6741
2.30725  -11.6742
2.3105  -11.6744
2.31375  -11.6746
2.317  -11.6748
2.32025  -11.675
2.3235  -11.6752
2.32675  -11.6754
2.33  -11.6756
2.33325  -11.6758
2.3365  -11.676
2.33975  -11.6763
2.343  -11.6765
2.34625  -11.6767
2.3495  -11.677
2.35275  -11.6772
2.356  -11.6775
2.35925  -11.6778
2.3625  -11.678
2.36575  -11.6783
2.369  -11.6786
2.37225  -11.6789
2.3755  -11.6792
2.37875  -11.6796
2.382  -11.6799
2.38525  -11.6803
2.3885  -11.6807
2.39175  -11.6811
2.395  -11.6815
2.39825  -11.6819
2.4015  -11.6823
2.40475  -11.6827
2.408  -11.6832
2.41125  -11.6836
2.4145  -11.684
2.41775  -11.6844
2.421  -11.6849
2.42425  -11.6853
2.4275  -11.6858
2.43075  -11.6863
2.434  -11.6867
2.43725  -11.6872
2.4405  -11.6877
2.44375  -11.6881
2.447  -11.6886
2.45025  -11.6891
2.4535  -11.6896
2.45675  -11.6901
2.46  -11.6906
2.46325  -11.6911
2.4665  -11.6916
2.46975  -11.6921
2.473  -11.6927
2.47625  -11.6932
2.4795  -11.6937
2.48275  -11.6943
2.486  -11.6948
2.48925  -11.6954
2.4925  -11.6959
2.49575  -11.6965
2.499  -11.697
2.50225  -11.6976
2.5055  -11.6982
2.50875  -11.6987
2.512  -11.6993
2.51525  -11.6999
2.5185  -11.7005
2.52175  -11.7011
2.525  -11.7017
2.52825  -11.7023
2.5315  -11.7029
2.53475  -11.7035
2.538  -11.7041
2.54125  -11.7047
2.5445  -11.7054
2.54775  -11.706
2.551  -11.7066
2.55425  -11.7073
2.5575  -11.7079
2.56075  -11.7085
2.564  -11.7092
2.56725  -11.7098
2.5705  -11.7105
2.57375  -11.7112
2.577  -11.7118
2.58025  -11.7125
2.5835  -11.7132
2.58675  -11.7138
2.59  -11.7145
2.59325  -11.7152
2.5965  -11.7159
2.59975  -11.7166
2.603  -11.7173
2.60625  -11.718
2.6095  -11.7187
2.61275  -11.7194
2.616  -11.7201
2.61925  -11.7208
2.6225  -11.7215
2.62575  -11.7223
2.629  -11.723
2.63225  -11.7238
2.6355  -11.7246
2.63875  -11.7253
2.642  -11.7261
2.64525  -11.7269
2.6485  -11.7277
2.65175  -11.7285
2.655  -11.7293
2.65825  -11.7301
2.6615  -11.7309
2.66475  -11.7317
2.668  -11.7325
2.67125  -11.7333
2.6745  -11.7341
2.67775  -11.7349
2.681  -11.7358
2.68425  -11.7366
2.6875  -11.7374
2.69075  -11.7383
2.694  -11.7391
2.69725  -11.7399
2.7005  -11.7408
2.70375  -11.7416
2.707  -11.7425
2.71025  -11.7433
2.7135  -11.7442
2.71675  -11.745
2.72  -11.7459
2.72325  -11.7468
2.7265  -11.7476
2.72975  -11.7485
2.733  -11.7494
2.73625  -11.7503
2.7395  -11.7512
2.74275  -11.752
2.746  -11.7529
2.74925  -11.7538
2.7525  -11.7547
2.75575  -11.7556
2.759  -11.7565
2.76225  -11.7574
2.7655  -11.7584
2.76875  -11.7593
2.772  -11.7602
2.77525  -11.7611
2.7785  -11.762
2.78175  -11.763
2.785  -11.7639
2.78825  -11.7648
2.7915  -11.7657
2.79475  -11.7667
2.798  -11.7676
2.80125  -11.7686
2.8045  -11.7695
2.80775  -11.7705
2.811  -11.7714
2.81425  -11.7724
2.8175  -11.7733
2.82075  -11.7743
2.824  -11.7753
2.82725  -11.7762
2.8305  -11.7772
2.83375  -11.7782
2.837  -11.7792
2.84025  -11.7801
2.8435  -11.7811
2.84675  -11.7821
2.85  -11.7831
2.85325  -11.7841
2.8565  -11.7851
2.85975  -11.7861
2.863  -11.7871
2.86625  -11.7881
2.8695  -11.7891
2.87275  -11.7901
2.876  -11.7911
2.87925  -11.7918
2.8825  -11.7926
2.88575  -11.7934
2.889  -11.7941
2.89225  -11.7949
2.8955  -11.7957
2.89875  -11.7965
2.902  -11.7973
2.90525  -11.798
2.9085  -11.7988
2.91175  -11.7996
2.915  -11.8004
2.91825  -11.8012
2.9215  -11.802
2.92475  -11.8028
2.928  -11.8036
2.93125  -11.8044
2.9345  -11.8052
2.93775  -11.806
2.941  -11.8068
2.94425  -11.8076
2.9475  -11.8084
2.95075  -11.8092
2.954  -11.81
2.95725  -11.8109
2.9605  -11.8117
2.96375  -11.8125
2.967  -11.8133
2.97025  -11.8141
2.9735  -11.815
2.97675  -11.8158
2.98  -11.8166
2.98325  -11.8175
2.9865  -11.8183
2.98975  -11.8191
2.993  -11.82
2.99625  -11.8208
2.9995  -11.8216
3.00275  -11.8225
3.006  -11.8233
3.00925  -11.8242
3.0125  -11.825
3.01575  -11.8259
3.019  -11.8267
3.02225  -11.8276
3.0255  -11.8284
3.02875  -11.8293
3.032  -11.8302
3.03525  -11.831
3.0385  -11.8319
3.04175  -11.8327
3.045  -11.8336
3.04825  -11.8345
3.0515  -11.8353
3.05475  -11.8362
3.058  -11.8371
3.06125  -11.838
3.0645  -11.8388
3.06775  -11.8397
3.071  -11.8406
3.07425  -11.8415
3.0775  -11.8424
3.08075  -11.8432
3.084  -11.8441
3.08725  -11.845
3.0905  -11.8459
3.09375  -11.8468
3.097  -11.8477
3.10025  -11.8486
3.1035  -11.8495
3.10675  -11.8504
3.11  -11.8513
3.11325  -11.8522
3.1165  -11.8531
3.11975  -11.854
3.123  -11.8549
3.12625  -11.8559
3.1295  -11.857
3.13275  -11.8581
3.136  -11.8593
3.13925  -11.8604
3.1425  -11.8615
3.14575  -11.8626
3.149  -11.8638
3.15225  -11.8649
3.1555  -11.866
3.15875  -11.8672
3.162  -11.8683
3.16525  -11.8695
3.1685  -11.8706
3.17175  -11.8718
3.175  -11.8729
3.17825  -11.8741
3.1815  -11.8752
3.18475  -11.8764
3.188  -11.8775
3.19125  -11.8787
3.1945  -11.8799
3.19775  -11.881
3.201  -11.8822
3.20425  -11.8834
3.2075  -11.8845
3.21075  -11.8857
3.214  -11.8869
3.21725  -11.8881
3.2205  -11.8892
3.22375  -11.8904
3.227  -11.8916
3.23025  -11.8928
3.2335  -11.894
3.23675  -11.8952
3.24  -11.8964
3.24325  -11.8976
3.2465  -11.8988
3.24975  -11.9
3.253  -11.9012
3.25625  -11.9024
3.2595  -11.9036
3.26275  -11.9048
3.266  -11.906
3.26925  -11.9072
3.2725  -11.9084
3.27575  -11.9097
3.279  -11.9109
3.28225  -11.9121
3.2855  -11.9133
3.28875  -11.9146
3.292  -11.9158
3.29525  -11.917
3.2985  -11.9183
3.30175  -11.9195
3.305  -11.9207
3.30825  -11.922
3.3115  -11.9232
3.31475  -11.9245
3.318  -11.9257
3.32125  -11.927
3.3245  -11.9282
3.32775  -11.9295
3.331  -11.9307
3.33425  -11.932
3.3375  -11.9332
3.34075  -11.9345
3.344  -11.9358
3.34725  -11.937
3.3505  -11.9383
3.35375  -11.9396
3.357  -11.9409
3.36025  -11.9421
3.3635  -11.9434
3.36675  -11.9447
3.37  -11.946
3.37325  -11.9473
3.3765  -11.9483
3.37975  -11.949
3.383  -11.9498
3.38625  -11.9505
3.3895  -11.9513
3.39275  -11.952
3.396  -11.9527
3.39925  -11.9535
3.4025  -11.9542
3.40575  -11.955
3.409  -11.9557
3.41225  -11.9565
3.4155  -11.9572
3.41875  -11.958
3.422  -11.9587
3.42525  -11.9595
3.4285  -11.9602
3.43175  -11.961
3.435  -11.9617
3.43825  -11.9625
3.4415  -11.9632
3.44475  -11.964
3.448  -11.9647
3.45125  -11.9655
3.4545  -11.9663
3.45775  -11.967
3.461  -11.9678
3.46425  -11.9685
3.4675  -11.9693
3.47075  -11.97
3.474  -11.9708
3.47725  -11.9716
3.4805  -11.9723
3.48375  -11.9731
3.487  -11.9738
3.49025  -11.9746
3.4935  -11.9754
3.49675  -11.9761
3.5  -11.9769
3.50325  -11.9777
3.5065  -11.9784
3.50975  -11.9792
3.513  -11.98
3.51625  -11.9807
3.5195  -11.9815
3.52275  -11.9823
3.526  -11.983
3.52925  -11.9838
3.5325  -11.9846
3.53575  -11.9854
3.539  -11.9861
3.54225  -11.9869
3.5455  -11.9877
3.54875  -11.9885
3.552  -11.9892
3.55525  -11.99
3.5585  -11.9908
3.56175  -11.9916
3.565  -11.9923
3.56825  -11.9931
3.5715  -11.9939
3.57475  -11.9947
3.578  -11.9955
3.58125  -11.9962
3.5845  -11.997
3.58775  -11.9978
3.591  -11.9986
3.59425  -11.9994
3.5975  -12.0001
3.60075  -12.0009
3.604  -12.0017
3.60725  -12.0025
3.6105  -12.0033
3.61375  -12.0041
3.617  -12.0049
3.62025  -12.0056
3.6235  -12.0064
3.62675  -12.0069
3.63  -12.0072
3.63325  -12.0074
3.6365  -12.0077
3.63975  -12.0079
3.643  -12.0081
3.64625  -12.0084
3.6495  -12.0086
3.65275  -12.0089
3.656  -12.0091
3.65925  -12.0094
3.6625  -12.0096
3.66575  -12.0099
3.669  -12.0101
3.67225  -12.0104
3.6755  -12.0106
3.67875  -12.0108
3.682  -12.0111
3.68525  -12.0113
3.6885  -12.0116
3.69175  -12.0118
3.695  -12.0121
3.69825  -12.0123
3.7015  -12.0126
3.70475  -12.0128
3.708  -12.0131
3.71125  -12.0133
3.7145  -12.0136
3.71775  -12.0138
3.721  -12.0141
3.72425  -12.0144
3.7275  -12.0146
3.73075  -12.0149
3.734  -12.0151
3.73725  -12.0154
3.7405  -12.0156
3.74375  -12.0159
3.747  -12.0161
3.75025  -12.0164
3.7535  -12.0166
3.75675  -12.0169
3.76  -12.0171
3.76325  -12.0174
3.7665  -12.0177
3.76975  -12.0179
3.773  -12.0182
3.77625  -12.0184
3.7795  -12.0187
3.78275  -12.0189
3.786  -12.0192
3.78925  -12.0195
3.7925  -12.0197
3.79575  -12.02
3.799  -12.0202
3.80225  -12.0205
3.8055  -12.0207
3.80875  -12.021
3.812  -12.0213
3.81525  -12.0215
3.8185  -12.0218
3.82175  -12.022
3.825  -12.0223
3.82825  -12.0226
3.8315  -12.0228
3.83475  -12.0231
3.838  -12.0233
3.84125  -12.0236
3.8445  -12.0239
3.84775  -12.0241
3.851  -12.0244
3.85425  -12.0246
3.8575  -12.0249
3.86075  -12.0252
3.864  -12.0254
3.86725  -12.0257
3.8705  -12.026
3.87375  -12.0262
3.877  -12.0264
3.88025  -12.0264
3.8835  -12.0265
3.88675  -12.0265
3.89  -12.0266
3.89325  -12.0266
3.8965  -12.0267
3.89975  -12.0268
3.903  -12.0268
3.90625  -12.0269
3.9095  -12.0269
3.91275  -12.027
3.916  -12.0271
3.91925  -12.0271
3.9225  -12.0272
3.92575  -12.0273
3.929  -12.0273
3.93225  -12.0274
3.9355  -12.0274
3.93875  -12.0275
3.942  -12.0276
3.94525  -12.0276
3.9485  -12.0277
3.95175  -12.0278
3.955  -12.0278
3.95825  -12.0279
3.9615  -12.028
3.96475  -12.028
3.968  -12.0281
3.97125  -12.0282
3.9745  -12.0282
3.97775  -12.0283
3.981  -12.0284
3.98425  -12.0285
3.9875  -12.0285
3.99075  -12.0286
3.994  -12.0287
3.99725  -12.0287
4.0005  -12.0288
4.00375  -12.0289
4.007  -12.029
4.01025  -12.029
4.0135  -12.0291
4.01675  -12.0292
4.02  -12.0293
4.02325  -12.0293
4.0265  -12.0294
4.02975  -12.0295
4.033  -12.0296
4.03625  -12.0296
4.0395  -12.0297
4.04275  -12.0298
4.046  -12.0299
4.04925  -12.03
4.0525  -12.03
4.05575  -12.0301
4.059  -12.0302
4.06225  -12.0303
4.0655  -12.0303
4.06875  -12.0304
4.072  -12.0305
4.07525  -12.0306
4.0785  -12.0307
4.08175  -12.0308
4.085  -12.0308
4.08825  -12.0309
4.0915  -12.031
4.09475  -12.0311
4.098  -12.0312
4.10125  -12.0313
4.1045  -12.0313
4.10775  -12.0314
4.111  -12.0315
4.11425  -12.0316
4.1175  -12.0317
4.12075  -12.0318
4.124  -12.0319
4.12725  -12.0324
4.1305  -12.0332
4.13375  -12.0339
4.137  -12.0347
4.14025  -12.0355
4.1435  -12.0362
4.14675  -12.037
4.15  -12.0378
4.15325  -12.0386
4.1565  -12.0393
4.15975  -12.0401
4.163  -12.0409
4.16625  -12.0416
4.1695  -12.0424
4.17275  -12.0432
4.176  -12.0439
4.17925  -12.0447
4.1825  -12.0455
4.18575  -12.0462
4.189  -12.047
4.19225  -12.0478
4.1955  -12.0486
4.19875  -12.0493
4.202  -12.0501
4.20525  -12.0509
4.2085  -12.0516
4.21175  -12.0524
4.215  -12.0532
4.21825  -12.054
4.2215  -12.0547
4.22475  -12.0555
4.228  -12.0563
4.23125  -12.057
4.2345  -12.0578
4.23775  -12.0586
4.241  -12.0594
4.24425  -12.0601
4.2475  -12.0609
4.25075  -12.0617
4.254  -12.0625
4.25725  -12.0632
4.2605  -12.064
4.26375  -12.0648
4.267  -12.0656
4.27025  -12.0663
4.2735  -12.0671
4.27675  -12.0679
4.28  -12.0687
4.28325  -12.0694
4.2865  -12.0702
4.28975  -12.071
4.293  -12.0718
4.29625  -12.0726
4.2995  -12.0733
4.30275  -12.0741
4.306  -12.0749
4.30925  -12.0757
4.3125  -12.0764
4.31575  -12.0772
4.319  -12.078
4.32225  -12.0788
4.3255  -12.0796
4.32875  -12.0803
4.332  -12.0811
4.33525  -12.0819
4.3385  -12.0827
4.34175  -12.0835
4.345  -12.0842
4.34825  -12.085
4.3515  -12.0858
4.35475  -12.0866
4.358  -12.0874
4.36125  -12.0881
4.3645  -12.0889
4.36775  -12.0897
4.371  -12.0905
4.37425  -12.0913
4.3775  -12.0922
4.38075  -12.0931
4.384  -12.094
4.38725  -12.095
4.3905  -12.0959
4.39375  -12.0968
4.397  -12.0978
4.40025  -12.0987
4.4035  -12.0997
4.40675  -12.1006
4.41  -12.1015
4.41325  -12.1025
4.4165  -12.1034
4.41975  -12.1044
4.423  -12.1053
4.42625  -12.1062
4.4295  -12.1072
4.43275  -12.1081
4.436  -12.1091
4.43925  -12.11
4.4425  -12.1109
4.44575  -12.1119
4.449  -12.1128
4.45225  -12.1138
4.4555  -12.1147
4.45875  -12.1157
4.462  -12.1166
4.46525  -12.1176
4.4685  -12.1185
4.47175  -12.1195
4.475  -12.1204
4.47825  -12.1214
4.4815  -12.1223
4.48475  -12.1233
4.488  -12.1242
4.49125  -12.1252
4.4945  -12.1261
4.49775  -12.1271
4.501  -12.128
4.50425  -12.129
4.5075  -12.1299
4.51075  -12.1309
4.514  -12.1318
4.51725  -12.1328
4.5205  -12.1337
4.52375  -12.1347
4.527  -12.1356
4.53025  -12.1366
4.5335  -12.1376
4.53675  -12.1385
4.54  -12.1395
4.54325  -12.1404
4.5465  -12.1414
4.54975  -12.1424
4.553  -12.1433
4.55625  -12.1443
4.5595  -12.1452
4.56275  -12.1462
4.566  -12.1472
4.56925  -12.1481
4.5725  -12.1491
4.57575  -12.15
4.579  -12.151
4.58225  -12.152
4.5855  -12.1529
4.58875  -12.1539
4.592  -12.1549
4.59525  -12.1558
4.5985  -12.1568
4.60175  -12.1578
4.605  -12.1587
4.60825  -12.1597
4.6115  -12.1607
4.61475  -12.1617
4.618  -12.1626
4.62125  -12.1636
4.6245  -12.1646
4.62775  -12.1659
4.631  -12.1674
4.63425  -12.1688
4.6375  -12.1703
4.64075  -12.1717
4.644  -12.1732
4.64725  -12.1746
4.6505  -12.1761
4.65375  -12.1775
4.657  -12.179
4.66025  -12.1804
4.6635  -12.1819
4.66675  -12.1834
4.67  -12.1848
4.67325  -12.1863
4.6765  -12.1878
4.67975  -12.1892
4.683  -12.1907
4.68625  -12.1922
4.6895  -12.1937
4.69275  -12.1952
4.696  -12.1966
4.69925  -12.1981
4.7025  -12.1996
4.70575  -12.2011
4.709  -12.2026
4.71225  -12.2041
4.7155  -12.2056
4.71875  -12.2071
4.722  -12.2086
4.72525  -12.2101
4.7285  -12.2116
4.73175  -12.2131
4.735  -12.2146
4.73825  -12.2162
4.7415  -12.2177
4.74475  -12.2192
4.748  -12.2207
4.75125  -12.2223
4.7545  -12.2238
4.75775  -12.2253
4.761  -12.2269
4.76425  -12.2284
4.7675  -12.2299
4.77075  -12.2315
4.774  -12.233
4.77725  -12.2346
4.7805  -12.2361
4.78375  -12.2377
4.787  -12.2392
4.79025  -12.2408
4.7935  -12.2423
4.79675  -12.2439
4.8  -12.2455
4.80325  -12.247
4.8065  -12.2486
4.80975  -12.2502
4.813  -12.2518
4.81625  -12.2533
4.8195  -12.2549
4.82275  -12.2565
4.826  -12.2581
4.82925  -12.2597
4.8325  -12.2613
4.83575  -12.2629
4.839  -12.2645
4.84225  -12.2661
4.8455  -12.2677
4.84875  -12.2693
4.852  -12.2709
4.85525  -12.2725
4.8585  -12.2742
4.86175  -12.2758
4.865  -12.2774
4.86825  -12.279
4.8715  -12.2807
4.87475  -12.2823
4.878  -12.2832
4.88125  -12.2841
4.8845  -12.2849
4.88775  -12.2858
4.891  -12.2866
4.89425  -12.2875
4.8975  -12.2883
4.90075  -12.2892
4.904  -12.29
4.90725  -12.2909
4.9105  -12.2917
4.91375  -12.2926
4.917  -12.2934
4.92025  -12.2943
4.9235  -12.2951
4.92675  -12.296
4.93  -12.2968
4.93325  -12.2977
4.9365  -12.2985
4.93975  -12.2994
4.943  -12.3002
4.94625  -12.3011
4.9495  -12.3019
4.95275  -12.3028
4.956  -12.3036
4.95925  -12.3045
4.9625  -12.3054
4.96575  -12.3062
4.969  -12.3071
4.97225  -12.3079
4.9755  -12.3088
4.97875  -12.3096
4.982  -12.3105
4.98525  -12.3113
4.9885  -12.3122
4.99175  -12.3131
4.995  -12.3139
4.99825  -12.3148
5.0015  -12.3156
5.00475  -12.3165
5.008  -12.3174
5.01125  -12.3182
5.0145  -12.3191
5.01775  -12.3199
5.021  -12.3208
5.02425  -12.3217
5.0275  -12.3225
5.03075  -12.3234
5.034  -12.3242
5.03725  -12.3251
5.0405  -12.326
5.04375  -12.3268
5.047  -12.3277
5.05025  -12.3285
5.0535  -12.3294
5.05675  -12.3303
5.06  -12.3311
5.06325  -12.332
5.0665  -12.3329
5.06975  -12.3337
5.073  -12.3346
5.07625  -12.3355
5.0795  -12.3363
5.08275  -12.3372
5.086  -12.338
5.08925  -12.3389
5.0925  -12.3398
5.09575  -12.3406
5.099  -12.3415
5.10225  -12.3424
5.1055  -12.3432
5.10875  -12.3441
5.112  -12.345
5.11525  -12.3459
5.1185  -12.3467
5.12175  -12.3476
5.125  -12.3485
5.12825  -12.3496
5.1315  -12.3507
5.13475  -12.3518
5.138  -12.3529
5.14125  -12.3541
5.1445  -12.3552
5.14775  -12.3563
5.151  -12.3574
5.15425  -12.3586
5.1575  -12.3597
5.16075  -12.3608
5.164  -12.362
5.16725  -12.3631
5.1705  -12.3642
5.17375  -12.3653
5.177  -12.3665
5.18025  -12.3676
5.1835  -12.3688
5.18675  -12.3699
5.19  -12.371
5.19325  -12.3722
5.1965  -12.3733
5.19975  -12.3744
5.203  -12.3756
5.20625  -12.3767
5.2095  -12.3779
5.21275  -12.379
5.216  -12.3802
5.21925  -12.3813
5.2225  -12.3825
5.22575  -12.3836
5.229  -12.3848
5.23225  -12.3859
5.2355  -12.3871
5.23875  -12.3882
5.242  -12.3894
5.24525  -12.3905
5.2485  -12.3917
5.25175  -12.3928
5.255  -12.394
5.25825  -12.3952
5.2615  -12.3963
5.26475  -12.3975
5.268  -12.3986
5.27125  -12.3998
5.2745  -12.401
5.27775  -12.4021
5.281  -12.4033
5.28425  -12.4045
5.2875  -12.4056
5.29075  -12.4068
5.294  -12.408
5.29725  -12.4092
5.3005  -12.4103
5.30375  -12.4115
5.307  -12.4127
5.31025  -12.4139
5.3135  -12.415
5.31675  -12.4162
5.32  -12.4174
5.32325  -12.4186
5.3265  -12.4198
5.32975  -12.421
5.333  -12.4221
5.33625  -12.4233
5.3395  -12.4245
5.34275  -12.4257
5.346  -12.4269
5.34925  -12.4281
5.3525  -12.4293
5.35575  -12.4305
5.359  -12.4317
5.36225  -12.4329
5.3655  -12.4341
5.36875  -12.4353
5.372  -12.4365
5.37525  -12.4377
5.3785  -12.4388
5.38175  -12.4399
5.385  -12.4411
5.38825  -12.4422
5.3915  -12.4434
5.39475  -12.4445
5.398  -12.4457
5.40125  -12.4468
5.4045  -12.448
5.40775  -12.4491
5.411  -12.4503
5.41425  -12.4515
5.4175  -12.4526
5.42075  -12.4538
5.424  -12.4549
5.42725  -12.4561
5.4305  -12.4573
5.43375  -12.4584
5.437  -12.4596
5.44025  -12.4607
5.4435  -12.4619
5.44675  -12.4631
5.45  -12.4642
5.45325  -12.4654
5.4565  -12.4666
5.45975  -12.4678
5.463  -12.4689
5.46625  -12.4701
5.4695  -12.4713
5.47275  -12.4724
5.476  -12.4736
5.47925  -12.4748
5.4825  -12.476
5.48575  -12.4772
5.489  -12.4783
5.49225  -12.4795
5.4955  -12.4807
5.49875  -12.4819
5.502  -12.4831
5.50525  -12.4843
5.5085  -12.4855
5.51175  -12.4867
5.515  -12.4878
5.51825  -12.489
5.5215  -12.4902
5.52475  -12.4914
5.528  -12.4926
5.53125  -12.4938
5.5345  -12.495
5.53775  -12.4962
5.541  -12.4974
5.54425  -12.4986
5.5475  -12.4998
5.55075  -12.501
5.554  -12.5022
5.55725  -12.5034
5.5605  -12.5047
5.56375  -12.5059
5.567  -12.5071
5.57025  -12.5083
5.5735  -12.5095
5.57675  -12.5107
5.58  -12.5119
5.58325  -12.5132
5.5865  -12.5144
5.58975  -12.5156
5.593  -12.5168
5.59625  -12.518
5.5995  -12.5193
5.60275  -12.5205
5.606  -12.5217
5.60925  -12.523
5.6125  -12.5242
5.61575  -12.5254
5.619  -12.5266
5.62225  -12.5279
5.6255  -12.5291
5.62875  -12.53
5.632  -12.531
5.63525  -12.5319
5.6385  -12.5329
5.64175  -12.5338
5.645  -12.5348
5.64825  -12.5357
5.6515  -12.5367
5.65475  -12.5376
5.658  -12.5386
5.66125  -12.5395
5.6645  -12.5405
5.66775  -12.5414
5.671  -12.5424
5.67425  -12.5433
5.6775  -12.5443
5.68075  -12.5452
5.684  -12.5462
5.68725  -12.5471
5.6905  -12.5481
5.69375  -12.549
5.697  -12.55
5.70025  -12.551
5.7035  -12.5519
5.70675  -12.5529
5.71  -12.5538
5.71325  -12.5548
5.7165  -12.5558
5.71975  -12.5567
5.723  -12.5577
5.72625  -12.5586
5.7295  -12.5596
5.73275  -12.5606
5.736  -12.5615
5.73925  -12.5625
5.7425  -12.5635
5.74575  -12.5644
5.749  -12.5654
5.75225  -12.5664
5.7555  -12.5673
5.75875  -12.5683
5.762  -12.5693
5.76525  -12.5702
5.7685  -12.5712
5.77175  -12.5722
5.775  -12.5731
5.77825  -12.5741
5.7815  -12.5751
5.78475  -12.576
5.788  -12.577
5.79125  -12.578
5.7945  -12.579
5.79775  -12.5799
5.801  -12.5809
5.80425  -12.5819
5.8075  -12.5829
5.81075  -12.5838
5.814  -12.5848
5.81725  -12.5858
5.8205  -12.5868
5.82375  -12.5878
5.827  -12.5887
5.83025  -12.5897
5.8335  -12.5907
5.83675  -12.5917
5.84  -12.5927
5.84325  -12.5936
5.8465  -12.5946
5.84975  -12.5956
5.853  -12.5966
5.85625  -12.5976
5.8595  -12.5986
5.86275  -12.5996
5.866  -12.6005
5.86925  -12.6015
5.8725  -12.6025
5.87575  -12.6034
5.879  -12.6042
5.88225  -12.6049
5.8855  -12.6056
5.88875  -12.6064
5.892  -12.6071
5.89525  -12.6078
5.8985  -12.6086
5.90175  -12.6093
5.905  -12.61
5.90825  -12.6107
5.9115  -12.6115
5.91475  -12.6122
5.918  -12.6129
5.92125  -12.6137
5.9245  -12.6144
5.92775  -12.6151
5.931  -12.6159
5.93425  -12.6166
5.9375  -12.6173
5.94075  -12.6181
5.944  -12.6188
5.94725  -12.6195
5.9505  -12.6202
5.95375  -12.621
5.957  -12.6217
5.96025  -12.6224
5.9635  -12.6232
5.96675  -12.6239
5.97  -12.6246
5.97325  -12.6254
5.9765  -12.6261
5.97975  -12.6268
5.983  -12.6276
5.98625  -12.6283
5.9895  -12.629
5.99275  -12.6298
5.996  -12.6305
5.99925  -12.6312
6.0025  -12.632
6.00575  -12.6327
6.009  -12.6334
6.01225  -12.6342
6.0155  -12.6349
6.01875  -12.6356
6.022  -12.6364
6.02525  -12.6371
6.0285  -12.6378
6.03175  -12.6386
6.035  -12.6393
6.03825  -12.64
6.0415  -12.6408
6.04475  -12.6415
6.048  -12.6422
6.05125  -12.643
6.0545  -12.6437
6.05775  -12.6444
6.061  -12.6452
6.06425  -12.6459
6.0675  -12.6467
6.07075  -12.6474
6.074  -12.6481
6.07725  -12.6489
6.0805  -12.6496
6.08375  -12.6503
6.087  -12.6511
6.09025  -12.6518
6.0935  -12.6525
6.09675  -12.6533
6.1  -12.654
6.10325  -12.6548
6.1065  -12.6555
6.10975  -12.6562
6.113  -12.657
6.11625  -12.6577
6.1195  -12.6584
6.12275  -12.6592
6.126  -12.6601
6.12925  -12.6613
6.1325  -12.6625
6.13575  -12.6638
6.139  -12.665
6.14225  -12.6662
6.1455  -12.6675
6.14875  -12.6687
6.152  -12.6699
6.15525  -12.6712
6.1585  -12.6724
6.16175  -12.6737
6.165  -12.6749
6.16825  -12.6762
6.1715  -12.6774
6.17475  -12.6787
6.178  -12.6799
6.18125  -12.6812
6.1845  -12.6824
6.18775  -12.6837
6.191  -12.6849
6.19425  -12.6862
6.1975  -12.6875
6.20075  -12.6887
6.204  -12.69
6.20725  -12.6912
6.2105  -12.6925
6.21375  -12.6938
6.217  -12.6951
6.22025  -12.6963
6.2235  -12.6976
6.22675  -12.6989
6.23  -12.7002
6.23325  -12.7014
6.2365  -12.7027
6.23975  -12.704
6.243  -12.7053
6.24625  -12.7066
6.2495  -12.7079
6.25275  -12.7091
6.256  -12.7104
6.25925  -12.7117
6.2625  -12.713
6.26575  -12.7143
6.269  -12.7156
6.27225  -12.7169
6.2755  -12.7182
6.27875  -12.7195
6.282  -12.7208
6.28525  -12.7221
6.2885  -12.7234
6.29175  -12.7248
6.295  -12.7261
6.29825  -12.7274
6.3015  -12.7287
6.30475  -12.73
6.308  -12.7313
6.31125  -12.7327
6.3145  -12.734
6.31775  -12.7353
6.321  -12.7366
6.32425  -12.738
6.3275  -12.7393
6.33075  -12.7406
6.334  -12.742
6.33725  -12.7433
6.3405  -12.7446
6.34375  -12.746
6.347  -12.7473
6.35025  -12.7487
6.3535  -12.75
6.35675  -12.7514
6.36  -12.7527
6.36325  -12.7541
6.3665  -12.7554
6.36975  -12.7568
6.373  -12.7581
6.37625  -12.7592
6.3795  -12.7599
6.38275  -12.7606
6.386  -12.7612
6.38925  -12.7619
6.3925  -12.7626
6.39575  -12.7632
6.399  -12.7639
6.40225  -12.7646
6.4055  -12.7652
6.40875  -12.7659
6.412  -12.7666
6.41525  -12.7672
6.4185  -12.7679
6.42175  -12.7686
6.425  -12.7692
6.42825  -12.7699
6.4315  -12.7706
6.43475  -12.7712
6.438  -12.7719
6.44125  -12.7726
6.4445  -12.7732
6.44775  -12.7739
6.451  -12.7746
6.45425  -12.7752
6.4575  -12.7759
6.46075  -12.7766
6.464  -12.7772
6.46725  -12.7779
6.4705  -12.7786
6.47375  -12.7792
6.477  -12.7799
6.48025  -12.7806
6.4835  -12.7812
6.48675  -12.7819
6.49  -12.7826
6.49325  -12.7833
6.4965  -12.7839
6.49975  -12.7846
6.503  -12.7853
6.50625  -12.7859
6.5095  -12.7866
6.51275  -12.7873
6.516  -12.7879
6.51925  -12.7886
6.5225  -12.7893
6.52575  -12.7899
6.529  -12.7906
6.53225  -12.7913
6.5355  -12.7919
6.53875  -12.7926
6.542  -12.7933
6.54525  -12.794
6.5485  -12.7946
6.55175  -12.7953
6.555  -12.796
6.55825  -12.7966
6.5615  -12.7973
6.56475  -12.798
6.568  -12.7986
6.57125  -12.7993
6.5745  -12.8
6.57775  -12.8006
6.581  -12.8013
6.58425  -12.802
6.5875  -12.8027
6.59075  -12.8033
6.594  -12.804
6.59725  -12.8047
6.6005  -12.8053
6.60375  -12.806
6.607  -12.8067
6.61025  -12.8073
6.6135  -12.808
6.61675  -12.8087
6.62  -12.8094
6.62325  -12.81
6.6265  -12.8108
6.62975  -12.8118
6.633  -12.8127
6.63625  -12.8137
6.6395  -12.8146
6.64275  -12.8155
6.646  -12.8165
6.64925  -12.8174
6.6525  -12.8184
6.65575  -12.8193
6.659  -12.8203
6.66225  -12.8212
6.6655  -12.8222
6.66875  -12.8231
6.672  -12.8241
6.67525  -12.825
6.6785  -12.826
6.68175  -12.8269
6.685  -12.8279
6.68825  -12.8288
6.6915  -12.8298
6.69475  -12.8308
6.698  -12.8317
6.70125  -12.8327
6.7045  -12.8336
6.70775  -12.8346
6.711  -12.8355
6.71425  -12.8365
6.7175  -12.8375
6.72075  -12.8384
6.724  -12.8394
6.72725  -12.8403
6.7305  -12.8413
6.73375  -12.8423
6.737  -12.8432
6.74025  -12.8442
6.7435  -12.8452
6.74675  -12.8461
6.75  -12.8471
6.75325  -12.8481
6.7565  -12.849
6.75975  -12.85
6.763  -12.851
6.76625  -12.8519
6.7695  -12.8529
6.77275  -12.8539
6.776  -12.8549
6.77925  -12.8558
6.7825  -12.8568
6.78575  -12.8578
6.789  -12.8588
6.79225  -12.8597
6.7955  -12.8607
6.79875  -12.8617
6.802  -12.8627
6.80525  -12.8637
6.8085  -12.8646
6.81175  -12.8656
6.815  -12.8666
6.81825  -12.8676
6.8215  -12.8686
6.82475  -12.8695
6.828  -12.8705
6.83125  -12.8715
6.8345  -12.8725
6.83775  -12.8735
6.841  -12.8745
6.84425  -12.8755
6.8475  -12.8764
6.85075  -12.8774
6.854  -12.8784
6.85725  -12.8794
6.8605  -12.8804
6.86375  -12.8814
6.867  -12.8824
6.87025  -12.8834
6.8735  -12.8844
6.87675  -12.8854
6.88  -12.8863
6.88325  -12.8873
6.8865  -12.8883
6.88975  -12.8892
6.893  -12.8902
6.89625  -12.8912
6.8995  -12.8921
6.90275  -12.8931
6.906  -12.8941
6.90925  -12.895
6.9125  -12.896
6.91575  -12.897
6.919  -12.8979
6.92225  -12.8989
6.9255  -12.8999
6.92875  -12.9009
6.932  -12.9018
6.93525  -12.9028
6.9385  -12.9038
6.94175  -12.9048
6.945  -12.9057
6.94825  -12.9067
6.9515  -12.9077
6.95475  -12.9087
6.958  -12.9097
6.96125  -12.9106
6.9645  -12.9116
6.96775  -12.9126
6.971  -12.9136
6.97425  -12.9146
6.9775  -12.9156
6.98075  -12.9165
6.984  -12.9175
6.98725  -12.9185
6.9905  -12.9195
6.99375  -12.9205
6.997  -12.9215
7.00025  -12.9225
7.0035  -12.9235
7.00675  -12.9245
7.01  -12.9255
7.01325  -12.9264
7.0165  -12.9274
7.01975  -12.9284
7.023  -12.9294
7.02625  -12.9304
7.0295  -12.9314
7.03275  -12.9324
7.036  -12.9334
7.03925  -12.9344
7.0425  -12.9354
7.04575  -12.9364
7.049  -12.9374
7.05225  -12.9384
7.0555  -12.9394
7.05875  -12.9404
7.062  -12.9415
7.06525  -12.9425
7.0685  -12.9435
7.07175  -12.9445
7.075  -12.9455
7.07825  -12.9465
7.0815  -12.9475
7.08475  -12.9485
7.088  -12.9495
7.09125  -12.9505
7.0945  -12.9516
7.09775  -12.9526
7.101  -12.9536
7.10425  -12.9546
7.1075  -12.9556
7.11075  -12.9567
7.114  -12.9577
7.11725  -12.9587
7.1205  -12.9597
7.12375  -12.9607
7.127  -12.9616
7.13025  -12.9623
7.1335  -12.963
7.13675  -12.9637
7.14  -12.9644
7.14325  -12.9652
7.1465  -12.9659
7.14975  -12.9666
7.153  -12.9673
7.15625  -12.968
7.1595  -12.9687
7.16275  -12.9695
7.166  -12.9702
7.16925  -12.9709
7.1725  -12.9716
7.17575  -12.9723
7.179  -12.973
7.18225  -12.9738
7.1855  -12.9745
7.18875  -12.9752
7.192  -12.9759
7.19525  -12.9766
7.1985  -12.9774
7.20175  -12.9781
7.205  -12.9788
7.20825  -12.9795
7.2115  -12.9802
7.21475  -12.981
7.218  -12.9817
7.22125  -12.9824
7.2245  -12.9831
7.22775  -12.9838
7.231  -12.9846
7.23425  -12.9853
7.2375  -12.986
7.24075  -12.9867
7.244  -12.9875
7.24725  -12.9882
7.2505  -12.9889
7.25375  -12.9896
7.257  -12.9903
7.26025  -12.9911
7.2635  -12.9918
7.26675  -12.9925
7.27  -12.9932
7.27325  -12.994
7.2765  -12.9947
7.27975  -12.9954
7.283  -12.9961
7.28625  -12.9969
7.2895  -12.9976
7.29275  -12.9983
7.296  -12.999
7.29925  -12.9998
7.3025  -13.0005
7.30575  -13.0012
7.309  -13.0019
7.31225  -13.0027
7.3155  -13.0034
7.31875  -13.0041
7.322  -13.0048
7.32525  -13.0056
7.3285  -13.0063
7.33175  -13.007
7.335  -13.0078
7.33825  -13.0085
7.3415  -13.0092
7.34475  -13.0099
7.348  -13.0107
7.35125  -13.0114
7.3545  -13.0121
7.35775  -13.0129
7.361  -13.0136
7.36425  -13.0143
7.3675  -13.015
7.37075  -13.0158
7.374  -13.0165
7.37725  -13.0175
7.3805  -13.0185
7.38375  -13.0195
7.387  -13.0206
7.39025  -13.0216
7.3935  -13.0227
7.39675  -13.0237
7.4  -13.0247
7.40325  -13.0258
7.4065  -13.0268
7.40975  -13.0279
7.413  -13.0289
7.41625  -13.03
7.4195  -13.031
7.42275  -13.0321
7.426  -13.0331
7.42925  -13.0342
7.4325  -13.0353
7.43575  -13.0363
7.439  -13.0374
7.44225  -13.0384
7.4455  -13.0395
7.44875  -13.0405
7.452  -13.0416
7.45525  -13.0427
7.4585  -13.0437
7.46175  -13.0448
7.465  -13.0459
7.46825  -13.0469
7.4715  -13.048
7.47475  -13.0491
7.478  -13.0501
7.48125  -13.0512
7.4845  -13.0523
7.48775  -13.0533
7.491  -13.0544
7.49425  -13.0555
7.4975  -13.0566
7.50075  -13.0577
7.504  -13.0587
7.50725  -13.0598
7.5105  -13.0609
7.51375  -13.062
7.517  -13.0631
7.52025  -13.0641
7.5235  -13.0652
7.52675  -13.0663
7.53  -13.0674
7.53325  -13.0685
7.5365  -13.0696
7.53975  -13.0707
7.543  -13.0718
7.54625  -13.0729
7.5495  -13.074
7.55275  -13.0751
7.556  -13.0762
7.55925  -13.0773
7.5625  -13.0784
7.56575  -13.0795
7.569  -13.0806
7.57225  -13.0817
7.5755  -13.0828
7.57875  -13.0839
7.582  -13.085
7.58525  -13.0861
7.5885  -13.0872
7.59175  -13.0883
7.595  -13.0894
7.59825  -13.0905
7.6015  -13.0917
7.60475  -13.0928
7.608  -13.0939
7.61125  -13.095
7.6145  -13.0961
7.61775  -13.0972
7.621  -13.0984
7.62425  -13.0995
7.6275  -13.1004
7.63075  -13.1012
7.634  -13.1021
7.63725  -13.1029
7.6405  -13.1038
7.64375  -13.1046
7.647  -13.1055
7.65025  -13.1063
7.6535  -13.1072
7.65675  -13.108
7.66  -13.1089
7.66325  -13.1097
7.6665  -13.1106
7.66975  -13.1114
7.673  -13.1123
7.67625  -13.1131
7.6795  -13.114
7.68275  -13.1148
7.686  -13.1157
7.68925  -13.1165
7.6925  -13.1174
7.69575  -13.1182
7.699  -13.1191
7.70225  -13.12
7.7055  -13.1208
7.70875  -13.1217
7.712  -13.1225
7.71525  -13.1234
7.7185  -13.1242
7.72175  -13.1251
7.725  -13.126
7.72825  -13.1268
7.7315  -13.1277
7.73475  -13.1285
7.738  -13.1294
7.74125  -13.1303
7.7445  -13.1311
7.74775  -13.132
7.751  -13.1329
7.75425  -13.1337
7.7575  -13.1346
7.76075  -13.1354
7.764  -13.1363
7.76725  -13.1372
7.7705  -13.138
7.77375  -13.1389
7.777  -13.1398
7.78025  -13.1407
7.7835  -13.1415
7.78675  -13.1424
7.79  -13.1433
7.79325  -13.1441
7.7965  -13.145
7.79975  -13.1459
7.803  -13.1467
7.80625  -13.1476
7.8095  -13.1485
7.81275  -13.1494
7.816  -13.1502
7.81925  -13.1511
7.8225  -13.152
7.82575  -13.1529
7.829  -13.1537
7.83225  -13.1546
7.8355  -13.1555
7.83875  -13.1564
7.842  -13.1573
7.84525  -13.1581
7.8485  -13.159
7.85175  -13.1599
7.855  -13.1608
7.85825  -13.1617
7.8615  -13.1625
7.86475  -13.1634
7.868  -13.1643
7.87125  -13.1652
7.8745  -13.1661
7.87775  -13.1669
7.881  -13.1677
7.88425  -13.1685
7.8875  -13.1693
7.89075  -13.1701
7.894  -13.1709
7.89725  -13.1717
7.9005  -13.1725
7.90375  -13.1733
7.907  -13.1741
7.91025  -13.1749
7.9135  -13.1757
7.91675  -13.1765
7.92  -13.1773
7.92325  -13.1781
7.9265  -13.1789
7.92975  -13.1797
7.933  -13.1805
7.93625  -13.1814
7.9395  -13.1822
7.94275  -13.183
7.946  -13.1838
7.94925  -13.1846
7.9525  -13.1854
7.95575  -13.1862
7.959  -13.187
7.96225  -13.1878
7.9655  -13.1886
7.96875  -13.1894
7.972  -13.1903
7.97525  -13.1911
7.9785  -13.1919
7.98175  -13.1927
7.985  -13.1935
7.98825  -13.1943
7.9915  -13.1951
7.99475  -13.1959
7.998  -13.1968
8.00125  -13.1976
8.0045  -13.1984
8.00775  -13.1992
8.011  -13.2
8.01425  -13.2008
8.0175  -13.2017
8.02075  -13.2025
8.024  -13.2033
8.02725  -13.2041
8.0305  -13.2049
8.03375  -13.2058
8.037  -13.2066
8.04025  -13.2074
8.0435  -13.2082
8.04675  -13.209
8.05  -13.2099
8.05325  -13.2107
8.0565  -13.2115
8.05975  -13.2123
8.063  -13.2132
8.06625  -13.214
8.0695  -13.2148
8.07275  -13.2156
8.076  -13.2165
8.07925  -13.2173
8.0825  -13.2181
8.08575  -13.2189
8.089  -13.2198
8.09225  -13.2206
8.0955  -13.2214
8.09875  -13.2222
8.102  -13.2231
8.10525  -13.2239
8.1085  -13.2247
8.11175  -13.2256
8.115  -13.2264
8.11825  -13.2272
8.1215  -13.2281
8.12475  -13.2289
8.128  -13.2294
8.13125  -13.23
8.1345  -13.2305
8.13775  -13.231
8.141  -13.2315
8.14425  -13.232
8.1475  -13.2325
8.15075  -13.233
8.154  -13.2336
8.15725  -13.2341
8.1605  -13.2346
8.16375  -13.2351
8.167  -13.2356
8.17025  -13.2361
8.1735  -13.2366
8.17675  -13.2372
8.18  -13.2377
8.18325  -13.2382
8.1865  -13.2387
8.18975  -13.2392
8.193  -13.2397
8.19625  -13.2402
8.1995  -13.2407
8.20275  -13.2413
8.206  -13.2418
8.20925  -13.2423
8.2125  -13.2428
8.21575  -13.2433
8.219  -13.2438
8.22225  -13.2443
8.2255  -13.2449
8.22875  -13.2454
8.232  -13.2459
8.23525  -13.2464
8.2385  -13.2469
8.24175  -13.2474
8.245  -13.2479
8.24825  -13.2485
8.2515  -13.249
8.25475  -13.2495
8.258  -13.25
8.26125  -13.2505
8.2645  -13.251
8.26775  -13.2515
8.271  -13.252
8.27425  -13.2526
8.2775  -13.2531
8.28075  -13.2536
8.284  -13.2541
8.28725  -13.2546
8.2905  -13.2551
8.29375  -13.2556
8.297  -13.2562
8.30025  -13.2567
8.3035  -13.2572
8.30675  -13.2577
8.31  -13.2582
8.31325  -13.2587
8.3165  -13.2592
8.31975  -13.2597
8.323  -13.2603
8.32625  -13.2608
8.3295  -13.2613
8.33275  -13.2618
8.336  -13.2623
8.33925  -13.2628
8.3425  -13.2633
8.34575  -13.2638
8.349  -13.2644
8.35225  -13.2649
8.3555  -13.2654
8.35875  -13.2659
8.362  -13.2664
8.36525  -13.2669
8.3685  -13.2674
8.37175  -13.268
8.375  -13.2685
8.37825  -13.269
8.3815  -13.2696
8.38475  -13.2701
8.388  -13.2707
8.39125  -13.2712
8.3945  -13.2718
8.39775  -13.2723
8.401  -13.2729
8.40425  -13.2735
8.4075  -13.274
8.41075  -13.2746
8.414  -13.2751
8.41725  -13.2757
8.4205  -13.2762
8.42375  -13.2768
8.427  -13.2773
8.43025  -13.2779
8.4335  -13.2784
8.43675  -13.279
8.44  -13.2796
8.44325  -13.2801
8.4465  -13.2807
8.44975  -13.2812
8.453  -13.2818
8.45625  -13.2823
8.4595  -13.2829
8.46275  -13.2834
8.466  -13.284
8.46925  -13.2845
8.4725  -13.2851
8.47575  -13.2857
8.479  -13.2862
8.48225  -13.2868
8.4855  -13.2873
8.48875  -13.2879
8.492  -13.2884
8.49525  -13.289
8.4985  -13.2895
8.50175  -13.2901
8.505  -13.2907
8.50825  -13.2912
8.5115  -13.2918
8.51475  -13.2923
8.518  -13.2929
8.52125  -13.2934
8.5245  -13.294
8.52775  -13.2945
8.531  -13.2951
8.53425  -13.2957
8.5375  -13.2962
8.54075  -13.2968
8.544  -13.2973
8.54725  -13.2979
8.5505  -13.2984
8.55375  -13.299
8.557  -13.2995
8.56025  -13.3001
8.5635  -13.3007
8.56675  -13.3012
8.57  -13.3018
8.57325  -13.3023
8.5765  -13.3029
8.57975  -13.3034
8.583  -13.304
8.58625  -13.3046
8.5895  -13.3051
8.59275  -13.3057
8.596  -13.3062
8.59925  -13.3068
8.6025  -13.3073
8.60575  -13.3079
8.609  -13.3085
8.61225  -13.309
8.6155  -13.3096
8.61875  -13.3101
8.622  -13.3107
8.62525  -13.3112
8.6285  -13.3116
8.63175  -13.312
8.635  -13.3124
8.63825  -13.3128
8.6415  -13.3132
8.64475  -13.3136
8.648  -13.314
8.65125  -13.3144
8.6545  -13.3148
8.65775  -13.3152
8.661  -13.3156
8.66425  -13.316
8.6675  -13.3164
8.67075  -13.3168
8.674  -13.3172
8.67725  -13.3176
8.6805  -13.318
8.68375  -13.3184
8.687  -13.3188
8.69025  -13.3191
8.6935  -13.3195
8.69675  -13.3199
8.7  -13.3203
8.70325  -13.3207
8.7065  -13.3211
8.70975  -13.3215
8.713  -13.3219
8.71625  -13.3223
8.7195  -13.3227
8.72275  -13.3231
8.726  -13.3235
8.72925  -13.3239
8.7325  -13.3243
8.73575  -13.3247
8.739  -13.3251
8.74225  -13.3255
8.7455  -13.3259
8.74875  -13.3263
8.752  -13.3266
8.75525  -13.327
8.7585  -13.3274
8.76175  -13.3278
8.765  -13.3282
8.76825  -13.3286
8.7715  -13.329
8.77475  -13.3294
8.778  -13.3298
8.78125  -13.3302
8.7845  -13.3306
8.78775  -13.331
8.791  -13.3314
8.79425  -13.3318
8.7975  -13.3322
8.80075  -13.3325
8.804  -13.3329
8.80725  -13.3333
8.8105  -13.3337
8.81375  -13.3341
8.817  -13.3345
8.82025  -13.3349
8.8235  -13.3353
8.82675  -13.3357
8.83  -13.3361
8.83325  -13.3365
8.8365  -13.3369
8.83975  -13.3373
8.843  -13.3376
8.84625  -13.338
8.8495  -13.3384
8.85275  -13.3388
8.856  -13.3392
8.85925  -13.3396
8.8625  -13.34
8.86575  -13.3404
8.869  -13.3408
8.87225  -13.3412
8.8755  -13.3416
8.87875  -13.3421
8.882  -13.3425
8.88525  -13.343
8.8885  -13.3435
8.89175  -13.3439
8.895  -13.3444
8.89825  -13.3449
8.9015  -13.3454
8.90475  -13.3458
8.908  -13.3463
8.91125  -13.3468
8.9145  -13.3473
8.91775  -13.3477
8.921  -13.3482
8.92425  -13.3487
8.9275  -13.3492
8.93075  -13.3496
8.934  -13.3501
8.93725  -13.3506
8.9405  -13.3511
8.94375  -13.3515
8.947  -13.352
8.95025  -13.3525
8.9535  -13.3529
8.95675  -13.3534
8.96  -13.3539
8.96325  -13.3544
8.9665  -13.3548
8.96975  -13.3553
8.973  -13.3558
8.97625  -13.3563
8.9795  -13.3567
8.98275  -13.3572
8.986  -13.3577
8.98925  -13.3582
8.9925  -13.3586
8.99575  -13.3591
8.999  -13.3596
9.00225  -13.36
9.0055  -13.3605
9.00875  -13.361
9.012  -13.3615
9.01525  -13.3619
9.0185  -13.3624
9.02175  -13.3629
9.025  -13.3634
9.02825  -13.3638
9.0315  -13.3643
9.03475  -13.3648
9.038  -13.3653
9.04125  -13.3657
9.0445  -13.3662
9.04775  -13.3667
9.051  -13.3671
9.05425  -13.3676
9.0575  -13.3681
9.06075  -13.3686
9.064  -13.369
9.06725  -13.3695
9.0705  -13.37
9.07375  -13.3705
9.077  -13.3709
9.08025  -13.3714
9.0835  -13.3719
9.08675  -13.3723
9.09  -13.3728
9.09325  -13.3733
9.0965  -13.3738
9.09975  -13.3742
9.103  -13.3747
9.10625  -13.3752
9.1095  -13.3757
9.11275  -13.3761
9.116  -13.3766
9.11925  -13.3771
9.1225  -13.3775
9.12575  -13.3781
9.129  -13.379
9.13225  -13.3799
9.1355  -13.3808
9.13875  -13.3817
9.142  -13.3825
9.14525  -13.3834
9.1485  -13.3843
9.15175  -13.3852
9.155  -13.3861
9.15825  -13.387
9.1615  -13.3879
9.16475  -13.3888
9.168  -13.3897
9.17125  -13.3906
9.1745  -13.3914
9.17775  -13.3923
9.181  -13.3932
9.18425  -13.3941
9.1875  -13.395
9.19075  -13.3959
9.194  -13.3968
9.19725  -13.3977
9.2005  -13.3986
9.20375  -13.3995
9.207  -13.4004
9.21025  -13.4013
9.2135  -13.4022
9.21675  -13.4031
9.22  -13.404
9.22325  -13.405
9.2265  -13.4059
9.22975  -13.4068
9.233  -13.4077
9.23625  -13.4086
9.2395  -13.4095
9.24275  -13.4104
9.246  -13.4113
9.24925  -13.4122
9.2525  -13.4131
9.25575  -13.4141
9.259  -13.415
9.26225  -13.4159
9.2655  -13.4168
9.26875  -13.4177
9.272  -13.4186
9.27525  -13.4196
9.2785  -13.4205
9.28175  -13.4214
9.285  -13.4223
9.28825  -13.4232
9.2915  -13.4242
9.29475  -13.4251
9.298  -13.426
9.30125  -13.4269
9.3045  -13.4279
9.30775  -13.4288
9.311  -13.4297
9.31425  -13.4306
9.3175  -13.4316
9.32075  -13.4325
9.324  -13.4334
9.32725  -13.4344
9.3305  -13.4353
9.33375  -13.4362
9.337  -13.4372
9.34025  -13.4381
9.3435  -13.439
9.34675  -13.44
9.35  -13.4409
9.35325  -13.4419
9.3565  -13.4428
9.35975  -13.4437
9.363  -13.4447
9.36625  -13.4456
9.3695  -13.4466
9.37275  -13.4475
9.376  -13.4486
9.37925  -13.4498
9.3825  -13.451
9.38575  -13.4522
9.389  -13.4535
9.39225  -13.4547
9.3955  -13.4559
9.39875  -13.4572
9.402  -13.4584
9.40525  -13.4596
9.4085  -13.4609
9.41175  -13.4621
9.415  -13.4634
9.41825  -13.4646
9.4215  -13.4659
9.42475  -13.4671
9.428  -13.4684
9.43125  -13.4696
9.4345  -13.4709
9.43775  -13.4721
9.441  -13.4734
9.44425  -13.4747
9.4475  -13.4759
9.45075  -13.4772
9.454  -13.4785
9.45725  -13.4797
9.4605  -13.481
9.46375  -13.4823
9.467  -13.4836
9.47025  -13.4848
9.4735  -13.4861
9.47675  -13.4874
9.48  -13.4887
9.48325  -13.49
9.4865  -13.4913
9.48975  -13.4926
9.493  -13.4939
9.49625  -13.4952
9.4995  -13.4965
9.50275  -13.4978
9.506  -13.4991
9.50925  -13.5004
9.5125  -13.5017
9.51575  -13.503
9.519  -13.5043
9.52225  -13.5056
9.5255  -13.507
9.52875  -13.5083
9.532  -13.5096
9.53525  -13.5109
9.5385  -13.5123
9.54175  -13.5136
9.545  -13.5149
9.54825  -13.5163
9.5515  -13.5176
9.55475  -13.519
9.558  -13.5203
9.56125  -13.5217
9.5645  -13.523
9.56775  -13.5244
9.571  -13.5257
9.57425  -13.5271
9.5775  -13.5284
9.58075  -13.5298
9.584  -13.5312
9.58725  -13.5325
9.5905  -13.5339
9.59375  -13.5353
9.597  -13.5366
9.60025  -13.538
9.6035  -13.5394
9.60675  -13.5408
9.61  -13.5422
9.61325  -13.5436
9.6165  -13.545
9.61975  -13.5464
9.623  -13.5478
9.62625  -13.5488
9.6295  -13.5491
9.63275  -13.5495
9.636  -13.5498
9.63925  -13.5502
9.6425  -13.5506
9.64575  -13.5509
9.649  -13.5513
9.65225  -13.5516
9.6555  -13.552
9.65875  -13.5524
9.662  -13.5527
9.66525  -13.5531
9.6685  -13.5534
9.67175  -13.5538
9.675  -13.5542
9.67825  -13.5545
9.6815  -13.5549
9.68475  -13.5552
9.688  -13.5556
9.69125  -13.556
9.6945  -13.5563
9.69775  -13.5567
9.701  -13.557
9.70425  -13.5574
9.7075  -13.5578
9.71075  -13.5581
9.714  -13.5585
9.71725  -13.5588
9.7205  -13.5592
9.72375  -13.5596
9.727  -13.5599
9.73025  -13.5603
9.7335  -13.5606
9.73675  -13.561
9.74  -13.5613
9.74325  -13.5617
9.7465  -13.5621
9.74975  -13.5624
9.753  -13.5628
9.75625  -13.5631
9.7595  -13.5635
9.76275  -13.5639
9.766  -13.5642
9.76925  -13.5646
9.7725  -13.5649
9.77575  -13.5653
9.779  -13.5656
9.78225  -13.566
9.7855  -13.5664
9.78875  -13.5667
9.792  -13.5671
9.79525  -13.5674
9.7985  -13.5678
9.80175  -13.5682
9.805  -13.5685
9.80825  -13.5689
9.8115  -13.5692
9.81475  -13.5696
9.818  -13.5699
9.82125  -13.5703
9.8245  -13.5707
9.82775  -13.571
9.831  -13.5714
9.83425  -13.5717
9.8375  -13.5721
9.84075  -13.5724
9.844  -13.5728
9.84725  -13.5731
9.8505  -13.5735
9.85375  -13.5739
9.857  -13.5742
9.86025  -13.5746
9.8635  -13.5749
9.86675  -13.5753
9.87  -13.5756
9.87325  -13.576
9.8765  -13.5762
9.87975  -13.5763
9.883  -13.5764
9.88625  -13.5764
9.8895  -13.5765
9.89275  -13.5766
9.896  -13.5766
9.89925  -13.5767
9.9025  -13.5768
9.90575  -13.5768
9.909  -13.5769
9.91225  -13.577
9.9155  -13.577
9.91875  -13.5771
9.922  -13.5772
9.92525  -13.5772
9.9285  -13.5773
9.93175  -13.5774
9.935  -13.5774
9.93825  -13.5775
9.9415  -13.5776
9.94475  -13.5777
9.948  -13.5777
9.95125  -13.5778
9.9545  -13.5779
9.95775  -13.5779
9.961  -13.578
9.96425  -13.5781
9.9675  -13.5781
9.97075  -13.5782
9.974  -13.5783
9.97725  -13.5783
9.9805  -13.5784
9.98375  -13.5785
9.987  -13.5785
9.99025  -13.5786
9.9935  -13.5787
9.99675  -13.5787
