0.25  -12.1539
0.25325  -12.7844
0.2565  -12.5326
0.25975  -11.9811
0.263  -11.6411
0.26625  -11.4172
0.2695  -11.2631
0.27275  -11.1567
0.276  -11.0862
0.27925  -11.0449
0.2825  -11.0286
0.28575  -11.0352
0.289  -11.0636
0.29225  -11.1141
0.2955  -11.1881
0.29875  -11.2887
0.302  -11.4212
0.30525  -11.5956
0.3085  -11.8298
0.31175  -12.1608
0.315  -12.661
0.31825  -13.0719
0.3215  -12.5411
0.32475  -12.0951
0.328  -11.7984
0.33125  -11.5857
0.3345  -11.4252
0.33775  -11.3004
0.341  -11.2019
0.34425  -11.1238
0.3475  -11.0623
0.35075  -11.0147
0.354  -10.979
0.35725  -10.954
0.3605  -10.9385
0.36375  -10.9319
0.367  -10.9337
0.37025  -10.9434
0.3735  -10.9609
0.37675  -10.9855
0.38  -11.0173
0.38325  -11.0575
0.3865  -11.1063
0.38975  -11.1645
0.393  -11.2332
0.39625  -11.3138
0.3995  -11.4085
0.40275  -11.5203
0.406  -11.6537
0.40925  -11.8159
0.4125  -12.0189
0.41575  -12.2841
0.419  -12.6522
0.42225  -13.1555
0.4255  -13.2074
0.42875  -12.7065
0.432  -12.3295
0.43525  -12.0608
0.4385  -11.8569
0.44175  -11.6949
0.445  -11.5618
0.44825  -11.4499
0.4515  -11.3545
0.45475  -11.272
0.458  -11.2002
0.46125  -11.1372
0.4645  -11.0818
0.46775  -11.0329
0.471  -10.9897
0.47425  -10.9517
0.4775  -10.9181
0.48075  -10.8887
0.484  -10.863
0.48725  -10.8408
0.4905  -10.8218
0.49375  -10.8057
0.497  -10.7924
0.50025  -10.7817
0.5035  -10.7735
0.50675  -10.7676
0.51  -10.764
0.51325  -10.7626
0.5165  -10.7633
0.51975  -10.766
0.523  -10.7707
0.52625  -10.7773
0.5295  -10.7859
0.53275  -10.7964
0.536  -10.8087
0.53925  -10.823
0.5425  -10.8392
0.54575  -10.8573
0.549  -10.8773
0.55225  -10.8994
0.5555  -10.9235
0.55875  -10.9497
0.562  -10.9781
0.56525  -11.0089
0.5685  -11.0421
0.57175  -11.0779
0.575  -11.1164
0.57825  -11.1579
0.5815  -11.2026
0.58475  -11.2508
0.588  -11.3029
0.59125  -11.3593
0.5945  -11.4205
0.59775  -11.4873
0.601  -11.5605
0.60425  -11.6412
0.6075  -11.7307
0.61075  -11.8311
0.614  -11.945
0.61725  -12.0762
0.6205  -12.2303
0.62375  -12.4161
0.627  -12.6486
0.63025  -12.9515
0.6335  -13.3458
0.63675  -13.6208
0.64  -13.3218
0.64325  -12.9377
0.6465  -12.6455
0.64975  -12.4215
0.653  -12.2424
0.65625  -12.0943
0.6595  -11.9685
0.66275  -11.8596
0.666  -11.7637
0.66925  -11.6784
0.6725  -11.6017
0.67575  -11.5322
0.679  -11.4687
0.68225  -11.4105
0.6855  -11.3568
0.68875  -11.3071
0.692  -11.2609
0.69525  -11.2179
0.6985  -11.1777
0.70175  -11.14
0.705  -11.1046
0.70825  -11.0714
0.7115  -11.0401
0.71475  -11.0105
0.718  -10.9826
0.72125  -10.9562
0.7245  -10.9313
0.72775  -10.9077
0.731  -10.8853
0.73425  -10.864
0.7375  -10.8439
0.74075  -10.8248
0.744  -10.8066
0.74725  -10.7894
0.7505  -10.773
0.75375  -10.7575
0.757  -10.7427
0.76025  -10.7287
0.7635  -10.7154
0.76675  -10.7028
0.77  -10.6908
0.77325  -10.6795
0.7765  -10.6687
0.77975  -10.6585
0.783  -10.6489
0.78625  -10.6398
0.7895  -10.6312
0.79275  -10.6231
0.796  -10.6154
0.79925  -10.6082
0.8025  -10.6015
0.80575  -10.5952
0.809  -10.5893
0.81225  -10.5838
0.8155  -10.5787
0.81875  -10.5739
0.822  -10.5695
0.82525  -10.5655
0.8285  -10.5618
0.83175  -10.5585
0.835  -10.5555
0.83825  -10.5528
0.8415  -10.5504
0.84475  -10.5483
0.848  -10.5465
0.85125  -10.545
0.8545  -10.5438
0.85775  -10.5429
0.861  -10.5422
0.86425  -10.5418
0.8675  -10.5416
0.87075  -10.5417
0.874  -10.5421
0.87725  -10.543
0.8805  -10.5442
0.88375  -10.5457
0.887  -10.5474
0.89025  -10.5493
0.8935  -10.5515
0.89675  -10.5539
0.9  -10.5565
0.90325  -10.5593
0.9065  -10.5623
0.90975  -10.5655
0.913  -10.5689
0.91625  -10.5726
0.9195  -10.5764
0.92275  -10.5805
0.926  -10.5847
0.92925  -10.5891
0.9325  -10.5938
0.93575  -10.5986
0.939  -10.6036
0.94225  -10.6088
0.9455  -10.6142
0.94875  -10.6198
0.952  -10.6256
0.95525  -10.6315
0.9585  -10.6377
0.96175  -10.644
0.965  -10.6505
0.96825  -10.6572
0.9715  -10.6641
0.97475  -10.6712
0.978  -10.6785
0.98125  -10.6859
0.9845  -10.6936
0.98775  -10.7014
0.991  -10.7094
0.99425  -10.7176
0.9975  -10.726
1.00075  -10.7346
1.004  -10.7434
1.00725  -10.7523
1.0105  -10.7615
1.01375  -10.7708
1.017  -10.7804
1.02025  -10.7901
1.0235  -10.8001
1.02675  -10.8103
1.03  -10.8206
1.03325  -10.8312
1.0365  -10.842
1.03975  -10.853
1.043  -10.8642
1.04625  -10.8757
1.0495  -10.8874
1.05275  -10.8993
1.056  -10.9114
1.05925  -10.9238
1.0625  -10.9364
1.06575  -10.9492
1.069  -10.9624
1.07225  -10.9757
1.0755  -10.9894
1.07875  -11.0033
1.082  -11.0175
1.08525  -11.0319
1.0885  -11.0467
1.09175  -11.0617
1.095  -11.0771
1.09825  -11.0928
1.1015  -11.1088
1.10475  -11.1251
1.108  -11.1418
1.11125  -11.1589
1.1145  -11.1763
1.11775  -11.1941
1.121  -11.2123
1.12425  -11.2308
1.1275  -11.2501
1.13075  -11.27
1.134  -11.2903
1.13725  -11.311
1.1405  -11.3323
1.14375  -11.3541
1.147  -11.3764
1.15025  -11.3993
1.1535  -11.4227
1.15675  -11.4468
1.16  -11.4716
1.16325  -11.4971
1.1665  -11.5232
1.16975  -11.5502
1.173  -11.5779
1.17625  -11.6066
1.1795  -11.6361
1.18275  -11.6666
1.186  -11.6982
1.18925  -11.7309
1.1925  -11.7648
1.19575  -11.7999
1.199  -11.8365
1.20225  -11.8746
1.2055  -11.9143
1.20875  -11.9557
1.212  -11.9991
1.21525  -12.0447
1.2185  -12.0926
1.22175  -12.1432
1.225  -12.1966
1.22825  -12.2534
1.2315  -12.3139
1.23475  -12.3786
1.238  -12.4482
1.24125  -12.5236
1.2445  -12.6056
1.24775  -12.6956
1.251  -12.7952
1.25425  -12.9068
1.2575  -13.0332
1.26075  -13.1789
1.264  -13.3494
1.26725  -13.5522
1.2705  -13.7925
1.27375  -14.0497
1.277  -14.1955
1.28025  -14.0739
1.2835  -13.8225
1.28675  -13.5825
1.29  -13.3799
1.29325  -13.2103
1.2965  -13.0662
1.29975  -12.9416
1.303  -12.8324
1.30625  -12.7352
1.3095  -12.6479
1.31275  -12.5687
1.316  -12.4963
1.31925  -12.4296
1.3225  -12.3679
1.32575  -12.3105
1.329  -12.2568
1.33225  -12.2065
1.3355  -12.1591
1.33875  -12.1143
1.342  -12.072
1.34525  -12.0317
1.3485  -11.9935
1.35175  -11.957
1.355  -11.9221
1.35825  -11.8888
1.3615  -11.8568
1.36475  -11.8261
1.368  -11.7966
1.37125  -11.7682
1.3745  -11.7409
1.37775  -11.7148
1.381  -11.6896
1.38425  -11.6653
1.3875  -11.6418
1.39075  -11.6191
1.394  -11.597
1.39725  -11.5757
1.4005  -11.555
1.40375  -11.5349
1.407  -11.5153
1.41025  -11.4963
1.4135  -11.4779
1.41675  -11.4599
1.42  -11.4424
1.42325  -11.4254
1.4265  -11.4088
1.42975  -11.3926
1.433  -11.3768
1.43625  -11.3614
1.4395  -11.3463
1.44275  -11.3316
1.446  -11.3172
1.44925  -11.3032
1.4525  -11.2895
1.45575  -11.2761
1.459  -11.2629
1.46225  -11.2501
1.4655  -11.2375
1.46875  -11.2252
1.472  -11.2131
1.47525  -11.2013
1.4785  -11.1897
1.48175  -11.1784
1.485  -11.1672
1.48825  -11.1563
1.4915  -11.1456
1.49475  -11.1351
1.498  -11.1248
1.50125  -11.1147
1.5045  -11.1047
1.50775  -11.095
1.511  -11.0854
1.51425  -11.076
1.5175  -11.0667
1.52075  -11.0576
1.524  -11.0487
1.52725  -11.0399
1.5305  -11.0313
1.53375  -11.0228
1.537  -11.0145
1.54025  -11.0063
1.5435  -10.9982
1.54675  -10.9903
1.55  -10.9825
1.55325  -10.9748
1.5565  -10.9672
1.55975  -10.9598
1.563  -10.9524
1.56625  -10.9452
1.5695  -10.9381
1.57275  -10.9311
1.576  -10.9242
1.57925  -10.9174
1.5825  -10.9108
1.58575  -10.9042
1.589  -10.8977
1.59225  -10.8913
1.5955  -10.885
1.59875  -10.8788
1.602  -10.8727
1.60525  -10.8666
1.6085  -10.8607
1.61175  -10.8548
1.615  -10.849
1.61825  -10.8433
1.6215  -10.8377
1.62475  -10.8322
1.628  -10.8264
1.63125  -10.8206
1.6345  -10.8149
1.63775  -10.8092
1.641  -10.8037
1.64425  -10.7982
1.6475  -10.7928
1.65075  -10.7874
1.654  -10.7821
1.65725  -10.7769
1.6605  -10.7718
1.66375  -10.7667
1.667  -10.7616
1.67025  -10.7567
1.6735  -10.7517
1.67675  -10.7469
1.68  -10.7421
1.68325  -10.7374
1.6865  -10.7327
1.68975  -10.728
1.693  -10.7235
1.69625  -10.7189
1.6995  -10.7145
1.70275  -10.7101
1.706  -10.7057
1.70925  -10.7014
1.7125  -10.6971
1.71575  -10.6929
1.719  -10.6887
1.72225  -10.6846
1.7255  -10.6805
1.72875  -10.6765
1.732  -10.6725
1.73525  -10.6685
1.7385  -10.6646
1.74175  -10.6608
1.745  -10.657
1.74825  -10.6532
1.7515  -10.6494
1.75475  -10.6457
1.758  -10.6421
1.76125  -10.6385
1.7645  -10.6349
1.76775  -10.6314
1.771  -10.6279
1.77425  -10.6244
1.7775  -10.621
1.78075  -10.6176
1.784  -10.6142
1.78725  -10.6109
1.7905  -10.6076
1.79375  -10.6043
1.797  -10.6011
1.80025  -10.5979
1.8035  -10.5948
1.80675  -10.5917
1.81  -10.5886
1.81325  -10.5855
1.8165  -10.5825
1.81975  -10.5795
1.823  -10.5765
1.82625  -10.5736
1.8295  -10.5707
1.83275  -10.5678
1.836  -10.5649
1.83925  -10.5621
1.8425  -10.5593
1.84575  -10.5566
1.849  -10.5538
1.85225  -10.5511
1.8555  -10.5484
1.85875  -10.5458
1.862  -10.5431
1.86525  -10.5405
1.8685  -10.5379
1.87175  -10.5354
1.875  -10.5329
1.87825  -10.5306
1.8815  -10.5284
1.88475  -10.5261
1.888  -10.524
1.89125  -10.5218
1.8945  -10.5197
1.89775  -10.5175
1.901  -10.5154
1.90425  -10.5134
1.9075  -10.5113
1.91075  -10.5093
1.914  -10.5073
1.91725  -10.5053
1.9205  -10.5033
1.92375  -10.5013
1.927  -10.4994
1.93025  -10.4975
1.9335  -10.4956
1.93675  -10.4937
1.94  -10.4919
1.94325  -10.4901
1.9465  -10.4882
1.94975  -10.4865
1.953  -10.4847
1.95625  -10.4829
1.9595  -10.4812
1.96275  -10.4795
1.966  -10.4778
1.96925  -10.4761
1.9725  -10.4744
1.97575  -10.4727
1.979  -10.4711
1.98225  -10.4695
1.9855  -10.4679
1.98875  -10.4663
1.992  -10.4647
1.99525  -10.4632
1.9985  -10.4616
2.00175  -10.4601
2.005  -10.4586
2.00825  -10.4571
2.0115  -10.4556
2.01475  -10.4542
2.018  -10.4527
2.02125  -10.4513
2.0245  -10.4499
2.02775  -10.4485
2.031  -10.4471
2.03425  -10.4457
2.0375  -10.4444
2.04075  -10.443
2.044  -10.4417
2.04725  -10.4404
2.0505  -10.4391
2.05375  -10.4378
2.057  -10.4365
2.06025  -10.4352
2.0635  -10.434
2.06675  -10.4327
2.07  -10.4315
2.07325  -10.4303
2.0765  -10.4291
2.07975  -10.4279
2.083  -10.4267
2.08625  -10.4256
2.0895  -10.4244
2.09275  -10.4233
2.096  -10.4221
2.09925  -10.421
2.1025  -10.4199
2.10575  -10.4188
2.109  -10.4177
2.11225  -10.4166
2.1155  -10.4156
2.11875  -10.4145
2.122  -10.4135
2.12525  -10.4125
2.1285  -10.4117
2.13175  -10.4109
2.135  -10.4101
2.13825  -10.4094
2.1415  -10.4086
2.14475  -10.4079
2.148  -10.4072
2.15125  -10.4064
2.1545  -10.4057
2.15775  -10.405
2.161  -10.4043
2.16425  -10.4037
2.1675  -10.403
2.17075  -10.4023
2.174  -10.4017
2.17725  -10.401
2.1805  -10.4004
2.18375  -10.3998
2.187  -10.3992
2.19025  -10.3986
2.1935  -10.398
2.19675  -10.3974
2.2  -10.3968
2.20325  -10.3962
2.2065  -10.3957
2.20975  -10.3951
2.213  -10.3945
2.21625  -10.394
2.2195  -10.3935
2.22275  -10.393
2.226  -10.3924
2.22925  -10.3919
2.2325  -10.3914
2.23575  -10.3909
2.239  -10.3905
2.24225  -10.39
2.2455  -10.3895
2.24875  -10.3891
2.252  -10.3886
2.25525  -10.3882
2.2585  -10.3877
2.26175  -10.3873
2.265  -10.3869
2.26825  -10.3864
2.2715  -10.386
2.27475  -10.3856
2.278  -10.3852
2.28125  -10.3849
2.2845  -10.3845
2.28775  -10.3841
2.291  -10.3837
2.29425  -10.3834
2.2975  -10.383
2.30075  -10.3827
2.304  -10.3823
2.30725  -10.382
2.3105  -10.3817
2.31375  -10.3813
2.317  -10.381
2.32025  -10.3807
2.3235  -10.3804
2.32675  -10.3801
2.33  -10.3798
2.33325  -10.3795
2.3365  -10.3793
2.33975  -10.379
2.343  -10.3787
2.34625  -10.3784
2.3495  -10.3782
2.35275  -10.3779
2.356  -10.3777
2.35925  -10.3775
2.3625  -10.3772
2.36575  -10.377
2.369  -10.3768
2.37225  -10.3766
2.3755  -10.3763
2.37875  -10.376
2.382  -10.3756
2.38525  -10.3753
2.3885  -10.3749
2.39175  -10.3746
2.395  -10.3742
2.39825  -10.3739
2.4015  -10.3736
2.40475  -10.3733
2.408  -10.3729
2.41125  -10.3726
2.4145  -10.3723
2.41775  -10.372
2.421  -10.3717
2.42425  -10.3714
2.4275  -10.3712
2.43075  -10.3709
2.434  -10.3706
2.43725  -10.3703
2.4405  -10.3701
2.44375  -10.3698
2.447  -10.3695
2.45025  -10.3693
2.4535  -10.369
2.45675  -10.3688
2.46  -10.3686
2.46325  -10.3683
2.4665  -10.3681
2.46975  -10.3679
2.473  -10.3676
2.47625  -10.3674
2.4795  -10.3672
2.48275  -10.367
2.486  -10.3668
2.48925  -10.3666
2.4925  -10.3664
2.49575  -10.3662
2.499  -10.366
2.50225  -10.3658
2.5055  -10.3657
2.50875  -10.3655
2.512  -10.3653
2.51525  -10.3651
2.5185  -10.365
2.52175  -10.3648
2.525  -10.3646
2.52825  -10.3645
2.5315  -10.3643
2.53475  -10.3642
2.538  -10.3641
2.54125  -10.3639
2.5445  -10.3638
2.54775  -10.3636
2.551  -10.3635
2.55425  -10.3634
2.5575  -10.3633
2.56075  -10.3632
2.564  -10.363
2.56725  -10.3629
2.5705  -10.3628
2.57375  -10.3627
2.577  -10.3626
2.58025  -10.3625
2.5835  -10.3624
2.58675  -10.3623
2.59  -10.3622
2.59325  -10.3622
2.5965  -10.3621
2.59975  -10.362
2.603  -10.3619
2.60625  -10.3619
2.6095  -10.3618
2.61275  -10.3617
2.616  -10.3617
2.61925  -10.3616
2.6225  -10.3615
2.62575  -10.3615
2.629  -10.3615
2.63225  -10.3616
2.6355  -10.3616
2.63875  -10.3617
2.642  -10.3617
2.64525  -10.3617
2.6485  -10.3618
2.65175  -10.3618
2.655  -10.3619
2.65825  -10.3619
2.6615  -10.362
2.66475  -10.3621
2.668  -10.3621
2.67125  -10.3622
2.6745  -10.3623
2.67775  -10.3623
2.681  -10.3624
2.68425  -10.3625
2.6875  -10.3626
2.69075  -10.3627
2.694  -10.3627
2.69725  -10.3628
2.7005  -10.3629
2.70375  -10.363
2.707  -10.3631
2.71025  -10.3632
2.7135  -10.3633
2.71675  -10.3634
2.72  -10.3635
2.72325  -10.3636
2.7265  -10.3637
2.72975  -10.3638
2.733  -10.364
2.73625  -10.3641
2.7395  -10.3642
2.74275  -10.3643
2.746  -10.3644
2.74925  -10.3646
2.7525  -10.3647
2.75575  -10.3648
2.759  -10.3649
2.76225  -10.3651
2.7655  -10.3652
2.76875  -10.3654
2.772  -10.3655
2.77525  -10.3656
2.7785  -10.3658
2.78175  -10.3659
2.785  -10.3661
2.78825  -10.3662
2.7915  -10.3664
2.79475  -10.3665
2.798  -10.3667
2.80125  -10.3669
2.8045  -10.367
2.80775  -10.3672
2.811  -10.3674
2.81425  -10.3675
2.8175  -10.3677
2.82075  -10.3679
2.824  -10.368
2.82725  -10.3682
2.8305  -10.3684
2.83375  -10.3686
2.837  -10.3688
2.84025  -10.3689
2.8435  -10.3691
2.84675  -10.3693
2.85  -10.3695
2.85325  -10.3697
2.8565  -10.3699
2.85975  -10.3701
2.863  -10.3703
2.86625  -10.3705
2.8695  -10.3707
2.87275  -10.3709
2.876  -10.3712
2.87925  -10.3719
2.8825  -10.3726
2.88575  -10.3732
2.889  -10.3739
2.89225  -10.3746
2.8955  -10.3753
2.89875  -10.376
2.902  -10.3767
2.90525  -10.3774
2.9085  -10.3781
2.91175  -10.3788
2.915  -10.3795
2.91825  -10.3802
2.9215  -10.3809
2.92475  -10.3816
2.928  -10.3823
2.93125  -10.383
2.9345  -10.3837
2.93775  -10.3844
2.941  -10.3852
2.94425  -10.3859
2.9475  -10.3866
2.95075  -10.3873
2.954  -10.388
2.95725  -10.3888
2.9605  -10.3895
2.96375  -10.3902
2.967  -10.391
2.97025  -10.3917
2.9735  -10.3924
2.97675  -10.3932
2.98  -10.3939
2.98325  -10.3947
2.9865  -10.3954
2.98975  -10.3961
2.993  -10.3969
2.99625  -10.3976
2.9995  -10.3984
3.00275  -10.3991
3.006  -10.3999
3.00925  -10.4006
3.0125  -10.4014
3.01575  -10.4022
3.019  -10.4029
3.02225  -10.4037
3.0255  -10.4045
3.02875  -10.4052
3.032  -10.406
3.03525  -10.4068
3.0385  -10.4075
3.04175  -10.4083
3.045  -10.4091
3.04825  -10.4098
3.0515  -10.4106
3.05475  -10.4114
3.058  -10.4122
3.06125  -10.413
3.0645  -10.4138
3.06775  -10.4145
3.071  -10.4153
3.07425  -10.4161
3.0775  -10.4169
3.08075  -10.4177
3.084  -10.4185
3.08725  -10.4193
3.0905  -10.4201
3.09375  -10.4209
3.097  -10.4217
3.10025  -10.4225
3.1035  -10.4233
3.10675  -10.4241
3.11  -10.4249
3.11325  -10.4257
3.1165  -10.4265
3.11975  -10.4273
3.123  -10.4281
3.12625  -10.4291
3.1295  -10.4302
3.13275  -10.4313
3.136  -10.4324
3.13925  -10.4336
3.1425  -10.4347
3.14575  -10.4358
3.149  -10.4369
3.15225  -10.4381
3.1555  -10.4392
3.15875  -10.4404
3.162  -10.4415
3.16525  -10.4426
3.1685  -10.4438
3.17175  -10.4449
3.175  -10.4461
3.17825  -10.4472
3.1815  -10.4484
3.18475  -10.4495
3.188  -10.4507
3.19125  -10.4519
3.1945  -10.453
3.19775  -10.4542
3.201  -10.4554
3.20425  -10.4565
3.2075  -10.4577
3.21075  -10.4589
3.214  -10.4601
3.21725  -10.4612
3.2205  -10.4624
3.22375  -10.4636
3.227  -10.4648
3.23025  -10.466
3.2335  -10.4672
3.23675  -10.4684
3.24  -10.4696
3.24325  -10.4708
3.2465  -10.472
3.24975  -10.4732
3.253  -10.4744
3.25625  -10.4756
3.2595  -10.4768
3.26275  -10.478
3.266  -10.4792
3.26925  -10.4805
3.2725  -10.4817
3.27575  -10.4829
3.279  -10.4841
3.28225  -10.4854
3.2855  -10.4866
3.28875  -10.4878
3.292  -10.4891
3.29525  -10.4903
3.2985  -10.4915
3.30175  -10.4928
3.305  -10.494
3.30825  -10.4953
3.3115  -10.4965
3.31475  -10.4978
3.318  -10.499
3.32125  -10.5003
3.3245  -10.5015
3.32775  -10.5028
3.331  -10.5041
3.33425  -10.5053
3.3375  -10.5066
3.34075  -10.5079
3.344  -10.5092
3.34725  -10.5104
3.3505  -10.5117
3.35375  -10.513
3.357  -10.5143
3.36025  -10.5156
3.3635  -10.5168
3.36675  -10.5181
3.37  -10.5194
3.37325  -10.5207
3.3765  -10.522
3.37975  -10.5234
3.383  -10.5248
3.38625  -10.5261
3.3895  -10.5275
3.39275  -10.5289
3.396  -10.5302
3.39925  -10.5316
3.4025  -10.533
3.40575  -10.5344
3.409  -10.5358
3.41225  -10.5371
3.4155  -10.5385
3.41875  -10.5399
3.422  -10.5413
3.42525  -10.5427
3.4285  -10.5441
3.43175  -10.5455
3.435  -10.5469
3.43825  -10.5483
3.4415  -10.5497
3.44475  -10.5512
3.448  -10.5526
3.45125  -10.554
3.4545  -10.5554
3.45775  -10.5568
3.461  -10.5583
3.46425  -10.5597
3.4675  -10.5611
3.47075  -10.5626
3.474  -10.564
3.47725  -10.5654
3.4805  -10.5669
3.48375  -10.5683
3.487  -10.5698
3.49025  -10.5712
3.4935  -10.5727
3.49675  -10.5742
3.5  -10.5756
3.50325  -10.5771
3.5065  -10.5786
3.50975  -10.58
3.513  -10.5815
3.51625  -10.583
3.5195  -10.5845
3.52275  -10.586
3.526  -10.5874
3.52925  -10.5889
3.5325  -10.5904
3.53575  -10.5919
3.539  -10.5934
3.54225  -10.5949
3.5455  -10.5964
3.54875  -10.5979
3.552  -10.5994
3.55525  -10.601
3.5585  -10.6025
3.56175  -10.604
3.565  -10.6055
3.56825  -10.6071
3.5715  -10.6086
3.57475  -10.6101
3.578  -10.6117
3.58125  -10.6132
3.5845  -10.6147
3.58775  -10.6163
3.591  -10.6178
3.59425  -10.6194
3.5975  -10.6209
3.60075  -10.6225
3.604  -10.6241
3.60725  -10.6256
3.6105  -10.6272
3.61375  -10.6288
3.617  -10.6303
3.62025  -10.6319
3.6235  -10.6335
3.62675  -10.6352
3.63  -10.6368
3.63325  -10.6385
3.6365  -10.6402
3.63975  -10.6419
3.643  -10.6436
3.64625  -10.6453
3.6495  -10.647
3.65275  -10.6488
3.656  -10.6505
3.65925  -10.6522
3.6625  -10.6539
3.66575  -10.6557
3.669  -10.6574
3.67225  -10.6591
3.6755  -10.6609
3.67875  -10.6626
3.682  -10.6644
3.68525  -10.6662
3.6885  -10.6679
3.69175  -10.6697
3.695  -10.6714
3.69825  -10.6732
3.7015  -10.675
3.70475  -10.6768
3.708  -10.6786
3.71125  -10.6804
3.7145  -10.6822
3.71775  -10.684
3.721  -10.6858
3.72425  -10.6876
3.7275  -10.6894
3.73075  -10.6912
3.734  -10.693
3.73725  -10.6949
3.7405  -10.6967
3.74375  -10.6986
3.747  -10.7004
3.75025  -10.7022
3.7535  -10.7041
3.75675  -10.706
3.76  -10.7078
3.76325  -10.7097
3.7665  -10.7116
3.76975  -10.7134
3.773  -10.7153
3.77625  -10.7172
3.7795  -10.7191
3.78275  -10.721
3.786  -10.7229
3.78925  -10.7248
3.7925  -10.7267
3.79575  -10.7286
3.799  -10.7306
3.80225  -10.7325
3.8055  -10.7344
3.80875  -10.7364
3.812  -10.7383
3.81525  -10.7403
3.8185  -10.7422
3.82175  -10.7442
3.825  -10.7462
3.82825  -10.7481
3.8315  -10.7501
3.83475  -10.7521
3.838  -10.7541
3.84125  -10.7561
3.8445  -10.7581
3.84775  -10.7601
3.851  -10.7621
3.85425  -10.7641
3.8575  -10.7661
3.86075  -10.7682
3.864  -10.7702
3.86725  -10.7723
3.8705  -10.7743
3.87375  -10.7764
3.877  -10.7784
3.88025  -10.7804
3.8835  -10.7825
3.88675  -10.7846
3.89  -10.7866
3.89325  -10.7887
3.8965  -10.7908
3.89975  -10.7928
3.903  -10.7949
3.90625  -10.797
3.9095  -10.7991
3.91275  -10.8012
3.916  -10.8033
3.91925  -10.8055
3.9225  -10.8076
3.92575  -10.8097
3.929  -10.8118
3.93225  -10.814
3.9355  -10.8161
3.93875  -10.8183
3.942  -10.8205
3.94525  -10.8226
3.9485  -10.8248
3.95175  -10.827
3.955  -10.8292
3.95825  -10.8314
3.9615  -10.8336
3.96475  -10.8358
3.968  -10.8381
3.97125  -10.8403
3.9745  -10.8425
3.97775  -10.8448
3.981  -10.847
3.98425  -10.8493
3.9875  -10.8516
3.99075  -10.8538
3.994  -10.8561
3.99725  -10.8584
4.0005  -10.8607
4.00375  -10.863
4.007  -10.8653
4.01025  -10.8677
4.0135  -10.87
4.01675  -10.8723
4.02  -10.8747
4.02325  -10.877
4.0265  -10.8794
4.02975  -10.8818
4.033  -10.8842
4.03625  -10.8866
4.0395  -10.889
4.04275  -10.8914
4.046  -10.8938
4.04925  -10.8962
4.0525  -10.8986
4.05575  -10.9011
4.059  -10.9035
4.06225  -10.906
4.0655  -10.9085
4.06875  -10.911
4.072  -10.9135
4.07525  -10.916
4.0785  -10.9185
4.08175  -10.921
4.085  -10.9235
4.08825  -10.9261
4.0915  -10.9286
4.09475  -10.9312
4.098  -10.9338
4.10125  -10.9364
4.1045  -10.939
4.10775  -10.9416
4.111  -10.9442
4.11425  -10.9468
4.1175  -10.9494
4.12075  -10.9521
4.124  -10.9548
4.12725  -10.9573
4.1305  -10.9597
4.13375  -10.9622
4.137  -10.9647
4.14025  -10.9672
4.1435  -10.9697
4.14675  -10.9722
4.15  -10.9747
4.15325  -10.9772
4.1565  -10.9797
4.15975  -10.9823
4.163  -10.9848
4.16625  -10.9874
4.1695  -10.99
4.17275  -10.9926
4.176  -10.9952
4.17925  -10.9978
4.1825  -11.0004
4.18575  -11.003
4.189  -11.0057
4.19225  -11.0083
4.1955  -11.011
4.19875  -11.0137
4.202  -11.0164
4.20525  -11.0191
4.2085  -11.0218
4.21175  -11.0245
4.215  -11.0272
4.21825  -11.03
4.2215  -11.0327
4.22475  -11.0355
4.228  -11.0383
4.23125  -11.0411
4.2345  -11.0439
4.23775  -11.0467
4.241  -11.0495
4.24425  -11.0524
4.2475  -11.0552
4.25075  -11.0581
4.254  -11.061
4.25725  -11.0639
4.2605  -11.0668
4.26375  -11.0698
4.267  -11.0727
4.27025  -11.0757
4.2735  -11.0786
4.27675  -11.0816
4.28  -11.0846
4.28325  -11.0876
4.2865  -11.0907
4.28975  -11.0937
4.293  -11.0968
4.29625  -11.0999
4.2995  -11.103
4.30275  -11.1061
4.306  -11.1092
4.30925  -11.1123
4.3125  -11.1155
4.31575  -11.1187
4.319  -11.1219
4.32225  -11.1251
4.3255  -11.1283
4.32875  -11.1316
4.332  -11.1348
4.33525  -11.1381
4.3385  -11.1414
4.34175  -11.1448
4.345  -11.1481
4.34825  -11.1515
4.3515  -11.1548
4.35475  -11.1582
4.358  -11.1617
4.36125  -11.1651
4.3645  -11.1686
4.36775  -11.172
4.371  -11.1756
4.37425  -11.1791
4.3775  -11.182
4.38075  -11.1848
4.384  -11.1876
4.38725  -11.1904
4.3905  -11.1932
4.39375  -11.196
4.397  -11.1988
4.40025  -11.2017
4.4035  -11.2045
4.40675  -11.2074
4.41  -11.2103
4.41325  -11.2132
4.4165  -11.2161
4.41975  -11.219
4.423  -11.222
4.42625  -11.2249
4.4295  -11.2279
4.43275  -11.2309
4.436  -11.2339
4.43925  -11.2369
4.4425  -11.2399
4.44575  -11.243
4.449  -11.246
4.45225  -11.2491
4.4555  -11.2522
4.45875  -11.2553
4.462  -11.2584
4.46525  -11.2616
4.4685  -11.2647
4.47175  -11.2679
4.475  -11.2711
4.47825  -11.2743
4.4815  -11.2775
4.48475  -11.2808
4.488  -11.284
4.49125  -11.2873
4.4945  -11.2906
4.49775  -11.2939
4.501  -11.2973
4.50425  -11.3006
4.5075  -11.304
4.51075  -11.3074
4.514  -11.3108
4.51725  -11.3142
4.5205  -11.3177
4.52375  -11.3212
4.527  -11.3247
4.53025  -11.3282
4.5335  -11.3317
4.53675  -11.3353
4.54  -11.3389
4.54325  -11.3425
4.5465  -11.3461
4.54975  -11.3498
4.553  -11.3535
4.55625  -11.3572
4.5595  -11.3609
4.56275  -11.3647
4.566  -11.3685
4.56925  -11.3723
4.5725  -11.3761
4.57575  -11.3799
4.579  -11.3838
4.58225  -11.3877
4.5855  -11.3917
4.58875  -11.3957
4.592  -11.3997
4.59525  -11.4037
4.5985  -11.4077
4.60175  -11.4118
4.605  -11.4159
4.60825  -11.4201
4.6115  -11.4243
4.61475  -11.4285
4.618  -11.4327
4.62125  -11.437
4.6245  -11.4413
4.62775  -11.4444
4.631  -11.4472
4.63425  -11.45
4.6375  -11.4528
4.64075  -11.4556
4.644  -11.4585
4.64725  -11.4614
4.6505  -11.4642
4.65375  -11.4671
4.657  -11.47
4.66025  -11.473
4.6635  -11.4759
4.66675  -11.4789
4.67  -11.4818
4.67325  -11.4848
4.6765  -11.4878
4.67975  -11.4908
4.683  -11.4938
4.68625  -11.4969
4.6895  -11.4999
4.69275  -11.503
4.696  -11.5061
4.69925  -11.5092
4.7025  -11.5123
4.70575  -11.5154
4.709  -11.5186
4.71225  -11.5218
4.7155  -11.525
4.71875  -11.5282
4.722  -11.5314
4.72525  -11.5346
4.7285  -11.5379
4.73175  -11.5412
4.735  -11.5445
4.73825  -11.5478
4.7415  -11.5511
4.74475  -11.5545
4.748  -11.5578
4.75125  -11.5612
4.7545  -11.5646
4.75775  -11.5681
4.761  -11.5715
4.76425  -11.575
4.7675  -11.5785
4.77075  -11.582
4.774  -11.5855
4.77725  -11.5891
4.7805  -11.5927
4.78375  -11.5963
4.787  -11.5999
4.79025  -11.6036
4.7935  -11.6072
4.79675  -11.6109
4.8  -11.6147
4.80325  -11.6184
4.8065  -11.6222
4.80975  -11.626
4.813  -11.6298
4.81625  -11.6337
4.8195  -11.6376
4.82275  -11.6415
4.826  -11.6454
4.82925  -11.6494
4.8325  -11.6534
4.83575  -11.6574
4.839  -11.6614
4.84225  -11.6655
4.8455  -11.6696
4.84875  -11.6738
4.852  -11.6779
4.85525  -11.6821
4.8585  -11.6864
4.86175  -11.6907
4.865  -11.695
4.86825  -11.6993
4.8715  -11.7037
4.87475  -11.7081
4.878  -11.7108
4.88125  -11.7133
4.8845  -11.7158
4.88775  -11.7183
4.891  -11.7209
4.89425  -11.7234
4.8975  -11.726
4.90075  -11.7286
4.904  -11.7312
4.90725  -11.7338
4.9105  -11.7364
4.91375  -11.739
4.917  -11.7416
4.92025  -11.7443
4.9235  -11.7469
4.92675  -11.7496
4.93  -11.7522
4.93325  -11.7549
4.9365  -11.7576
4.93975  -11.7603
4.943  -11.7631
4.94625  -11.7658
4.9495  -11.7685
4.95275  -11.7713
4.956  -11.7741
4.95925  -11.7768
4.9625  -11.7796
4.96575  -11.7824
4.969  -11.7853
4.97225  -11.7881
4.9755  -11.7909
4.97875  -11.7938
4.982  -11.7967
4.98525  -11.7996
4.9885  -11.8025
4.99175  -11.8054
4.995  -11.8083
4.99825  -11.8112
5.0015  -11.8142
5.00475  -11.8172
5.008  -11.8202
5.01125  -11.8232
5.0145  -11.8262
5.01775  -11.8292
5.021  -11.8323
5.02425  -11.8353
5.0275  -11.8384
5.03075  -11.8415
5.034  -11.8446
5.03725  -11.8477
5.0405  -11.8509
5.04375  -11.8541
5.047  -11.8572
5.05025  -11.8604
5.0535  -11.8636
5.05675  -11.8669
5.06  -11.8701
5.06325  -11.8734
5.0665  -11.8767
5.06975  -11.88
5.073  -11.8833
5.07625  -11.8867
5.0795  -11.89
5.08275  -11.8934
5.086  -11.8968
5.08925  -11.9002
5.0925  -11.9037
5.09575  -11.9071
5.099  -11.9106
5.10225  -11.9141
5.1055  -11.9177
5.10875  -11.9212
5.112  -11.9248
5.11525  -11.9284
5.1185  -11.932
5.12175  -11.9357
5.125  -11.9393
5.12825  -11.9411
5.1315  -11.9429
5.13475  -11.9447
5.138  -11.9465
5.14125  -11.9484
5.1445  -11.9502
5.14775  -11.952
5.151  -11.9538
5.15425  -11.9557
5.1575  -11.9575
5.16075  -11.9593
5.164  -11.9612
5.16725  -11.963
5.1705  -11.9649
5.17375  -11.9667
5.177  -11.9686
5.18025  -11.9705
5.1835  -11.9724
5.18675  -11.9742
5.19  -11.9761
5.19325  -11.978
5.1965  -11.9799
5.19975  -11.9818
5.203  -11.9837
5.20625  -11.9856
5.2095  -11.9875
5.21275  -11.9894
5.216  -11.9913
5.21925  -11.9933
5.2225  -11.9952
5.22575  -11.9971
5.229  -11.9991
5.23225  -12.001
5.2355  -12.003
5.23875  -12.0049
5.242  -12.0069
5.24525  -12.0089
5.2485  -12.0108
5.25175  -12.0128
5.255  -12.0148
5.25825  -12.0168
5.2615  -12.0188
5.26475  -12.0208
5.268  -12.0228
5.27125  -12.0248
5.2745  -12.0268
5.27775  -12.0289
5.281  -12.0309
5.28425  -12.0329
5.2875  -12.035
5.29075  -12.037
5.294  -12.0391
5.29725  -12.0411
5.3005  -12.0432
5.30375  -12.0453
5.307  -12.0473
5.31025  -12.0494
5.3135  -12.0515
5.31675  -12.0536
5.32  -12.0557
5.32325  -12.0578
5.3265  -12.0599
5.32975  -12.0621
5.333  -12.0642
5.33625  -12.0663
5.3395  -12.0685
5.34275  -12.0706
5.346  -12.0728
5.34925  -12.0749
5.3525  -12.0771
5.35575  -12.0793
5.359  -12.0815
5.36225  -12.0836
5.3655  -12.0858
5.36875  -12.088
5.372  -12.0903
5.37525  -12.0924
5.3785  -12.0937
5.38175  -12.095
5.385  -12.0963
5.38825  -12.0975
5.3915  -12.0988
5.39475  -12.1001
5.398  -12.1014
5.40125  -12.1027
5.4045  -12.104
5.40775  -12.1053
5.411  -12.1066
5.41425  -12.1079
5.4175  -12.1092
5.42075  -12.1105
5.424  -12.1118
5.42725  -12.1131
5.4305  -12.1144
5.43375  -12.1157
5.437  -12.117
5.44025  -12.1183
5.4435  -12.1197
5.44675  -12.121
5.45  -12.1223
5.45325  -12.1236
5.4565  -12.1249
5.45975  -12.1263
5.463  -12.1276
5.46625  -12.1289
5.4695  -12.1302
5.47275  -12.1316
5.476  -12.1329
5.47925  -12.1342
5.4825  -12.1356
5.48575  -12.1369
5.489  -12.1383
5.49225  -12.1396
5.4955  -12.1409
5.49875  -12.1423
5.502  -12.1436
5.50525  -12.145
5.5085  -12.1463
5.51175  -12.1477
5.515  -12.149
5.51825  -12.1504
5.5215  -12.1518
5.52475  -12.1531
5.528  -12.1545
5.53125  -12.1558
5.5345  -12.1572
5.53775  -12.1586
5.541  -12.16
5.54425  -12.1613
5.5475  -12.1627
5.55075  -12.1641
5.554  -12.1655
5.55725  -12.1668
5.5605  -12.1682
5.56375  -12.1696
5.567  -12.171
5.57025  -12.1724
5.5735  -12.1738
5.57675  -12.1752
5.58  -12.1766
5.58325  -12.1779
5.5865  -12.1793
5.58975  -12.1807
5.593  -12.1822
5.59625  -12.1836
5.5995  -12.185
5.60275  -12.1864
5.606  -12.1878
5.60925  -12.1892
5.6125  -12.1906
5.61575  -12.192
5.619  -12.1935
5.62225  -12.1949
5.6255  -12.1963
5.62875  -12.1977
5.632  -12.1991
5.63525  -12.2005
5.6385  -12.2019
5.64175  -12.2033
5.645  -12.2047
5.64825  -12.2061
5.6515  -12.2075
5.65475  -12.209
5.658  -12.2104
5.66125  -12.2118
5.6645  -12.2132
5.66775  -12.2146
5.671  -12.2161
5.67425  -12.2175
5.6775  -12.2189
5.68075  -12.2204
5.684  -12.2218
5.68725  -12.2232
5.6905  -12.2247
5.69375  -12.2261
5.697  -12.2276
5.70025  -12.229
5.7035  -12.2305
5.70675  -12.2319
5.71  -12.2334
5.71325  -12.2348
5.7165  -12.2363
5.71975  -12.2377
5.723  -12.2392
5.72625  -12.2407
5.7295  -12.2421
5.73275  -12.2436
5.736  -12.2451
5.73925  -12.2466
5.7425  -12.248
5.74575  -12.2495
5.749  -12.251
5.75225  -12.2525
5.7555  -12.254
5.75875  -12.2555
5.762  -12.257
5.76525  -12.2585
5.7685  -12.26
5.77175  -12.2615
5.775  -12.263
5.77825  -12.2645
5.7815  -12.266
5.78475  -12.2675
5.788  -12.269
5.79125  -12.2705
5.7945  -12.2721
5.79775  -12.2736
5.801  -12.2751
5.80425  -12.2766
5.8075  -12.2782
5.81075  -12.2797
5.814  -12.2812
5.81725  -12.2828
5.8205  -12.2843
5.82375  -12.2859
5.827  -12.2874
5.83025  -12.289
5.8335  -12.2905
5.83675  -12.2921
5.84  -12.2936
5.84325  -12.2952
5.8465  -12.2968
5.84975  -12.2983
5.853  -12.2999
5.85625  -12.3015
5.8595  -12.3031
5.86275  -12.3047
5.866  -12.3062
5.86925  -12.3078
5.8725  -12.3094
5.87575  -12.3108
5.879  -12.3115
5.88225  -12.3121
5.8855  -12.3128
5.88875  -12.3135
5.892  -12.3141
5.89525  -12.3148
5.8985  -12.3155
5.90175  -12.3162
5.905  -12.3168
5.90825  -12.3175
5.9115  -12.3182
5.91475  -12.3188
5.918  -12.3195
5.92125  -12.3202
5.9245  -12.3208
5.92775  -12.3215
5.931  -12.3222
5.93425  -12.3229
5.9375  -12.3235
5.94075  -12.3242
5.944  -12.3249
5.94725  -12.3255
5.9505  -12.3262
5.95375  -12.3269
5.957  -12.3275
5.96025  -12.3282
5.9635  -12.3289
5.96675  -12.3296
5.97  -12.3302
5.97325  -12.3309
5.9765  -12.3316
5.97975  -12.3322
5.983  -12.3329
5.98625  -12.3336
5.9895  -12.3342
5.99275  -12.3349
5.996  -12.3356
5.99925  -12.3363
6.0025  -12.3369
6.00575  -12.3376
6.009  -12.3383
6.01225  -12.3389
6.0155  -12.3396
6.01875  -12.3403
6.022  -12.341
6.02525  -12.3416
6.0285  -12.3423
6.03175  -12.343
6.035  -12.3436
6.03825  -12.3443
6.0415  -12.345
6.04475  -12.3457
6.048  -12.3463
6.05125  -12.347
6.0545  -12.3477
6.05775  -12.3483
6.061  -12.349
6.06425  -12.3497
6.0675  -12.3504
6.07075  -12.351
6.074  -12.3517
6.07725  -12.3524
6.0805  -12.353
6.08375  -12.3537
6.087  -12.3544
6.09025  -12.3551
6.0935  -12.3557
6.09675  -12.3564
6.1  -12.3571
6.10325  -12.3577
6.1065  -12.3584
6.10975  -12.3591
6.113  -12.3598
6.11625  -12.3604
6.1195  -12.3611
6.12275  -12.3618
6.126  -12.3625
6.12925  -12.3635
6.1325  -12.3644
6.13575  -12.3654
6.139  -12.3663
6.14225  -12.3673
6.1455  -12.3683
6.14875  -12.3692
6.152  -12.3702
6.15525  -12.3711
6.1585  -12.3721
6.16175  -12.373
6.165  -12.374
6.16825  -12.375
6.1715  -12.3759
6.17475  -12.3769
6.178  -12.3778
6.18125  -12.3788
6.1845  -12.3798
6.18775  -12.3807
6.191  -12.3817
6.19425  -12.3827
6.1975  -12.3836
6.20075  -12.3846
6.204  -12.3856
6.20725  -12.3865
6.2105  -12.3875
6.21375  -12.3885
6.217  -12.3894
6.22025  -12.3904
6.2235  -12.3914
6.22675  -12.3923
6.23  -12.3933
6.23325  -12.3943
6.2365  -12.3953
6.23975  -12.3962
6.243  -12.3972
6.24625  -12.3982
6.2495  -12.3992
6.25275  -12.4001
6.256  -12.4011
6.25925  -12.4021
6.2625  -12.4031
6.26575  -12.4041
6.269  -12.405
6.27225  -12.406
6.2755  -12.407
6.27875  -12.408
6.282  -12.409
6.28525  -12.4099
6.2885  -12.4109
6.29175  -12.4119
6.295  -12.4129
6.29825  -12.4139
6.3015  -12.4149
6.30475  -12.4159
6.308  -12.4168
6.31125  -12.4178
6.3145  -12.4188
6.31775  -12.4198
6.321  -12.4208
6.32425  -12.4218
6.3275  -12.4228
6.33075  -12.4238
6.334  -12.4248
6.33725  -12.4258
6.3405  -12.4268
6.34375  -12.4278
6.347  -12.4288
6.35025  -12.4298
6.3535  -12.4308
6.35675  -12.4318
6.36  -12.4328
6.36325  -12.4338
6.3665  -12.4348
6.36975  -12.4358
6.373  -12.4368
6.37625  -12.4376
6.3795  -12.4383
6.38275  -12.4389
6.386  -12.4396
6.38925  -12.4402
6.3925  -12.4409
6.39575  -12.4415
6.399  -12.4422
6.40225  -12.4428
6.4055  -12.4435
6.40875  -12.4441
6.412  -12.4448
6.41525  -12.4454
6.4185  -12.4461
6.42175  -12.4467
6.425  -12.4474
6.42825  -12.448
6.4315  -12.4487
6.43475  -12.4493
6.438  -12.45
6.44125  -12.4506
6.4445  -12.4513
6.44775  -12.452
6.451  -12.4526
6.45425  -12.4533
6.4575  -12.4539
6.46075  -12.4546
6.464  -12.4552
6.46725  -12.4559
6.4705  -12.4565
6.47375  -12.4572
6.477  -12.4578
6.48025  -12.4585
6.4835  -12.4591
6.48675  -12.4598
6.49  -12.4604
6.49325  -12.4611
6.4965  -12.4617
6.49975  -12.4624
6.503  -12.463
6.50625  -12.4637
6.5095  -12.4643
6.51275  -12.465
6.516  -12.4656
6.51925  -12.4663
6.5225  -12.4669
6.52575  -12.4676
6.529  -12.4682
6.53225  -12.4689
6.5355  -12.4695
6.53875  -12.4702
6.542  -12.4709
6.54525  -12.4715
6.5485  -12.4722
6.55175  -12.4728
6.555  -12.4735
6.55825  -12.4741
6.5615  -12.4748
6.56475  -12.4754
6.568  -12.4761
6.57125  -12.4767
6.5745  -12.4774
6.57775  -12.478
6.581  -12.4787
6.58425  -12.4793
6.5875  -12.48
6.59075  -12.4806
6.594  -12.4813
6.59725  -12.482
6.6005  -12.4826
6.60375  -12.4833
6.607  -12.4839
6.61025  -12.4846
6.6135  -12.4852
6.61675  -12.4859
6.62  -12.4865
6.62325  -12.4872
6.6265  -12.4879
6.62975  -12.4886
6.633  -12.4893
6.63625  -12.49
6.6395  -12.4907
6.64275  -12.4914
6.646  -12.4921
6.64925  -12.4928
6.6525  -12.4935
6.65575  -12.4943
6.659  -12.495
6.66225  -12.4957
6.6655  -12.4964
6.66875  -12.4971
6.672  -12.4978
6.67525  -12.4985
6.6785  -12.4992
6.68175  -12.4999
6.685  -12.5007
6.68825  -12.5014
6.6915  -12.5021
6.69475  -12.5028
6.698  -12.5035
6.70125  -12.5042
6.7045  -12.5049
6.70775  -12.5056
6.711  -12.5064
6.71425  -12.5071
6.7175  -12.5078
6.72075  -12.5085
6.724  -12.5092
6.72725  -12.5099
6.7305  -12.5106
6.73375  -12.5114
6.737  -12.5121
6.74025  -12.5128
6.7435  -12.5135
6.74675  -12.5142
6.75  -12.5149
6.75325  -12.5157
6.7565  -12.5164
6.75975  -12.5171
6.763  -12.5178
6.76625  -12.5185
6.7695  -12.5192
6.77275  -12.5199
6.776  -12.5207
6.77925  -12.5214
6.7825  -12.5221
6.78575  -12.5228
6.789  -12.5235
6.79225  -12.5242
6.7955  -12.525
6.79875  -12.5257
6.802  -12.5264
6.80525  -12.5271
6.8085  -12.5278
6.81175  -12.5286
6.815  -12.5293
6.81825  -12.53
6.8215  -12.5307
6.82475  -12.5314
6.828  -12.5321
6.83125  -12.5329
6.8345  -12.5336
6.83775  -12.5343
6.841  -12.535
6.84425  -12.5357
6.8475  -12.5365
6.85075  -12.5372
6.854  -12.5379
6.85725  -12.5386
6.8605  -12.5393
6.86375  -12.5401
6.867  -12.5408
6.87025  -12.5415
6.8735  -12.5422
6.87675  -12.543
6.88  -12.5437
6.88325  -12.5445
6.8865  -12.5453
6.88975  -12.546
6.893  -12.5468
6.89625  -12.5476
6.8995  -12.5483
6.90275  -12.5491
6.906  -12.5499
6.90925  -12.5506
6.9125  -12.5514
6.91575  -12.5522
6.919  -12.5529
6.92225  -12.5537
6.9255  -12.5545
6.92875  -12.5552
6.932  -12.556
6.93525  -12.5568
6.9385  -12.5575
6.94175  -12.5583
6.945  -12.5591
6.94825  -12.5599
6.9515  -12.5606
6.95475  -12.5614
6.958  -12.5622
6.96125  -12.5629
6.9645  -12.5637
6.96775  -12.5645
6.971  -12.5653
6.97425  -12.566
6.9775  -12.5668
6.98075  -12.5676
6.984  -12.5683
6.98725  -12.5691
6.9905  -12.5699
6.99375  -12.5707
6.997  -12.5714
7.00025  -12.5722
7.0035  -12.573
7.00675  -12.5738
7.01  -12.5745
7.01325  -12.5753
7.0165  -12.5761
7.01975  -12.5769
7.023  -12.5776
7.02625  -12.5784
7.0295  -12.5792
7.03275  -12.58
7.036  -12.5807
7.03925  -12.5815
7.0425  -12.5823
7.04575  -12.5831
7.049  -12.5839
7.05225  -12.5846
7.0555  -12.5854
7.05875  -12.5862
7.062  -12.587
7.06525  -12.5878
7.0685  -12.5885
7.07175  -12.5893
7.075  -12.5901
7.07825  -12.5909
7.0815  -12.5917
7.08475  -12.5924
7.088  -12.5932
7.09125  -12.594
7.0945  -12.5948
7.09775  -12.5956
7.101  -12.5964
7.10425  -12.5971
7.1075  -12.5979
7.11075  -12.5987
7.114  -12.5995
7.11725  -12.6003
7.1205  -12.6011
7.12375  -12.6018
7.127  -12.6024
7.13025  -12.6029
7.1335  -12.6034
7.13675  -12.6039
7.14  -12.6043
7.14325  -12.6048
7.1465  -12.6053
7.14975  -12.6057
7.153  -12.6062
7.15625  -12.6067
7.1595  -12.6072
7.16275  -12.6076
7.166  -12.6081
7.16925  -12.6086
7.1725  -12.6091
7.17575  -12.6095
7.179  -12.61
7.18225  -12.6105
7.1855  -12.6109
7.18875  -12.6114
7.192  -12.6119
7.19525  -12.6123
7.1985  -12.6128
7.20175  -12.6133
7.205  -12.6138
7.20825  -12.6142
7.2115  -12.6147
7.21475  -12.6152
7.218  -12.6156
7.22125  -12.6161
7.2245  -12.6166
7.22775  -12.6171
7.231  -12.6175
7.23425  -12.618
7.2375  -12.6185
7.24075  -12.6189
7.244  -12.6194
7.24725  -12.6199
7.2505  -12.6203
7.25375  -12.6208
7.257  -12.6213
7.26025  -12.6217
7.2635  -12.6222
7.26675  -12.6227
7.27  -12.6232
7.27325  -12.6236
7.2765  -12.6241
7.27975  -12.6246
7.283  -12.625
7.28625  -12.6255
7.2895  -12.626
7.29275  -12.6264
7.296  -12.6269
7.29925  -12.6274
7.3025  -12.6278
7.30575  -12.6283
7.309  -12.6288
7.31225  -12.6292
7.3155  -12.6297
7.31875  -12.6302
7.322  -12.6306
7.32525  -12.6311
7.3285  -12.6316
7.33175  -12.632
7.335  -12.6325
7.33825  -12.633
7.3415  -12.6334
7.34475  -12.6339
7.348  -12.6344
7.35125  -12.6348
7.3545  -12.6353
7.35775  -12.6358
7.361  -12.6362
7.36425  -12.6367
7.3675  -12.6372
7.37075  -12.6376
7.374  -12.6381
7.37725  -12.6389
7.3805  -12.6398
7.38375  -12.6406
7.387  -12.6415
7.39025  -12.6424
7.3935  -12.6433
7.39675  -12.6442
7.4  -12.6451
7.40325  -12.6459
7.4065  -12.6468
7.40975  -12.6477
7.413  -12.6486
7.41625  -12.6495
7.4195  -12.6504
7.42275  -12.6513
7.426  -12.6522
7.42925  -12.6531
7.4325  -12.654
7.43575  -12.6548
7.439  -12.6557
7.44225  -12.6566
7.4455  -12.6575
7.44875  -12.6584
7.452  -12.6593
7.45525  -12.6602
7.4585  -12.6611
7.46175  -12.662
7.465  -12.6629
7.46825  -12.6638
7.4715  -12.6647
7.47475  -12.6656
7.478  -12.6665
7.48125  -12.6674
7.4845  -12.6683
7.48775  -12.6692
7.491  -12.6701
7.49425  -12.671
7.4975  -12.6719
7.50075  -12.6728
7.504  -12.6737
7.50725  -12.6746
7.5105  -12.6755
7.51375  -12.6764
7.517  -12.6774
7.52025  -12.6783
7.5235  -12.6792
7.52675  -12.6801
7.53  -12.681
7.53325  -12.6819
7.5365  -12.6828
7.53975  -12.6837
7.543  -12.6846
7.54625  -12.6856
7.5495  -12.6865
7.55275  -12.6874
7.556  -12.6883
7.55925  -12.6892
7.5625  -12.6901
7.56575  -12.691
7.569  -12.692
7.57225  -12.6929
7.5755  -12.6938
7.57875  -12.6947
7.582  -12.6956
7.58525  -12.6966
7.5885  -12.6975
7.59175  -12.6984
7.595  -12.6993
7.59825  -12.7003
7.6015  -12.7012
7.60475  -12.7021
7.608  -12.703
7.61125  -12.704
7.6145  -12.7049
7.61775  -12.7058
7.621  -12.7067
7.62425  -12.7077
7.6275  -12.7082
7.63075  -12.7087
7.634  -12.7091
7.63725  -12.7095
7.6405  -12.71
7.64375  -12.7104
7.647  -12.7109
7.65025  -12.7113
7.6535  -12.7117
7.65675  -12.7122
7.66  -12.7126
7.66325  -12.7131
7.6665  -12.7135
7.66975  -12.7139
7.673  -12.7144
7.67625  -12.7148
7.6795  -12.7153
7.68275  -12.7157
7.686  -12.7161
7.68925  -12.7166
7.6925  -12.717
7.69575  -12.7175
7.699  -12.7179
7.70225  -12.7183
7.7055  -12.7188
7.70875  -12.7192
7.712  -12.7196
7.71525  -12.7201
7.7185  -12.7205
7.72175  -12.721
7.725  -12.7214
7.72825  -12.7218
7.7315  -12.7223
7.73475  -12.7227
7.738  -12.7231
7.74125  -12.7236
7.7445  -12.724
7.74775  -12.7245
7.751  -12.7249
7.75425  -12.7253
7.7575  -12.7258
7.76075  -12.7262
7.764  -12.7266
7.76725  -12.7271
7.7705  -12.7275
7.77375  -12.7279
7.777  -12.7284
7.78025  -12.7288
7.7835  -12.7293
7.78675  -12.7297
7.79  -12.7301
7.79325  -12.7306
7.7965  -12.731
7.79975  -12.7314
7.803  -12.7319
7.80625  -12.7323
7.8095  -12.7327
7.81275  -12.7332
7.816  -12.7336
7.81925  -12.734
7.8225  -12.7345
7.82575  -12.7349
7.829  -12.7353
7.83225  -12.7358
7.8355  -12.7362
7.83875  -12.7366
7.842  -12.7371
7.84525  -12.7375
7.8485  -12.738
7.85175  -12.7384
7.855  -12.7388
7.85825  -12.7393
7.8615  -12.7397
7.86475  -12.7401
7.868  -12.7406
7.87125  -12.741
7.8745  -12.7414
7.87775  -12.7421
7.881  -12.7428
7.88425  -12.7434
7.8875  -12.7441
7.89075  -12.7448
7.894  -12.7455
7.89725  -12.7462
7.9005  -12.7469
7.90375  -12.7475
7.907  -12.7482
7.91025  -12.7489
7.9135  -12.7496
7.91675  -12.7503
7.92  -12.751
7.92325  -12.7517
7.9265  -12.7523
7.92975  -12.753
7.933  -12.7537
7.93625  -12.7544
7.9395  -12.7551
7.94275  -12.7558
7.946  -12.7565
7.94925  -12.7572
7.9525  -12.7578
7.95575  -12.7585
7.959  -12.7592
7.96225  -12.7599
7.9655  -12.7606
7.96875  -12.7613
7.972  -12.762
7.97525  -12.7627
7.9785  -12.7634
7.98175  -12.7641
7.985  -12.7647
7.98825  -12.7654
7.9915  -12.7661
7.99475  -12.7668
7.998  -12.7675
8.00125  -12.7682
8.0045  -12.7689
8.00775  -12.7696
8.011  -12.7703
8.01425  -12.771
8.0175  -12.7717
8.02075  -12.7723
8.024  -12.773
8.02725  -12.7737
8.0305  -12.7744
8.03375  -12.7751
8.037  -12.7758
8.04025  -12.7765
8.0435  -12.7772
8.04675  -12.7779
8.05  -12.7786
8.05325  -12.7793
8.0565  -12.78
8.05975  -12.7807
8.063  -12.7814
8.06625  -12.7821
8.0695  -12.7828
8.07275  -12.7835
8.076  -12.7842
8.07925  -12.7849
8.0825  -12.7855
8.08575  -12.7862
8.089  -12.7869
8.09225  -12.7876
8.0955  -12.7883
8.09875  -12.789
8.102  -12.7897
8.10525  -12.7904
8.1085  -12.7911
8.11175  -12.7918
8.115  -12.7925
8.11825  -12.7932
8.1215  -12.7939
8.12475  -12.7946
8.128  -12.7949
8.13125  -12.7952
8.1345  -12.7954
8.13775  -12.7957
8.141  -12.796
8.14425  -12.7962
8.1475  -12.7965
8.15075  -12.7967
8.154  -12.797
8.15725  -12.7973
8.1605  -12.7975
8.16375  -12.7978
8.167  -12.798
8.17025  -12.7983
8.1735  -12.7985
8.17675  -12.7988
8.18  -12.7991
8.18325  -12.7993
8.1865  -12.7996
8.18975  -12.7998
8.193  -12.8001
8.19625  -12.8004
8.1995  -12.8006
8.20275  -12.8009
8.206  -12.8011
8.20925  -12.8014
8.2125  -12.8016
8.21575  -12.8019
8.219  -12.8022
8.22225  -12.8024
8.2255  -12.8027
8.22875  -12.8029
8.232  -12.8032
8.23525  -12.8034
8.2385  -12.8037
8.24175  -12.8039
8.245  -12.8042
8.24825  -12.8045
8.2515  -12.8047
8.25475  -12.805
8.258  -12.8052
8.26125  -12.8055
8.2645  -12.8057
8.26775  -12.806
8.271  -12.8063
8.27425  -12.8065
8.2775  -12.8068
8.28075  -12.807
8.284  -12.8073
8.28725  -12.8075
8.2905  -12.8078
8.29375  -12.808
8.297  -12.8083
8.30025  -12.8085
8.3035  -12.8088
8.30675  -12.8091
8.31  -12.8093
8.31325  -12.8096
8.3165  -12.8098
8.31975  -12.8101
8.323  -12.8103
8.32625  -12.8106
8.3295  -12.8108
8.33275  -12.8111
8.336  -12.8113
8.33925  -12.8116
8.3425  -12.8118
8.34575  -12.8121
8.349  -12.8124
8.35225  -12.8126
8.3555  -12.8129
8.35875  -12.8131
8.362  -12.8134
8.36525  -12.8136
8.3685  -12.8139
8.37175  -12.8141
8.375  -12.8144
8.37825  -12.815
8.3815  -12.8155
8.38475  -12.8161
8.388  -12.8167
8.39125  -12.8173
8.3945  -12.8178
8.39775  -12.8184
8.401  -12.819
8.40425  -12.8196
8.4075  -12.8201
8.41075  -12.8207
8.414  -12.8213
8.41725  -12.8219
8.4205  -12.8224
8.42375  -12.823
8.427  -12.8236
8.43025  -12.8242
8.4335  -12.8248
8.43675  -12.8253
8.44  -12.8259
8.44325  -12.8265
8.4465  -12.8271
8.44975  -12.8276
8.453  -12.8282
8.45625  -12.8288
8.4595  -12.8294
8.46275  -12.83
8.466  -12.8305
8.46925  -12.8311
8.4725  -12.8317
8.47575  -12.8323
8.479  -12.8328
8.48225  -12.8334
8.4855  -12.834
8.48875  -12.8346
8.492  -12.8352
8.49525  -12.8357
8.4985  -12.8363
8.50175  -12.8369
8.505  -12.8375
8.50825  -12.838
8.5115  -12.8386
8.51475  -12.8392
8.518  -12.8398
8.52125  -12.8404
8.5245  -12.8409
8.52775  -12.8415
8.531  -12.8421
8.53425  -12.8427
8.5375  -12.8433
8.54075  -12.8438
8.544  -12.8444
8.54725  -12.845
8.5505  -12.8456
8.55375  -12.8462
8.557  -12.8467
8.56025  -12.8473
8.5635  -12.8479
8.56675  -12.8485
8.57  -12.8491
8.57325  -12.8496
8.5765  -12.8502
8.57975  -12.8508
8.583  -12.8514
8.58625  -12.852
8.5895  -12.8525
8.59275  -12.8531
8.596  -12.8537
8.59925  -12.8543
8.6025  -12.8549
8.60575  -12.8554
8.609  -12.856
8.61225  -12.8566
8.6155  -12.8572
8.61875  -12.8578
8.622  -12.8584
8.62525  -12.8589
8.6285  -12.8594
8.63175  -12.8599
8.635  -12.8604
8.63825  -12.8609
8.6415  -12.8614
8.64475  -12.8619
8.648  -12.8624
8.65125  -12.8629
8.6545  -12.8634
8.65775  -12.8639
8.661  -12.8644
8.66425  -12.8649
8.6675  -12.8654
8.67075  -12.8659
8.674  -12.8664
8.67725  -12.8669
8.6805  -12.8674
8.68375  -12.8679
8.687  -12.8684
8.69025  -12.8689
8.6935  -12.8694
8.69675  -12.8699
8.7  -12.8704
8.70325  -12.8709
8.7065  -12.8714
8.70975  -12.8719
8.713  -12.8724
8.71625  -12.8729
8.7195  -12.8734
8.72275  -12.8739
8.726  -12.8744
8.72925  -12.8749
8.7325  -12.8754
8.73575  -12.8759
8.739  -12.8764
8.74225  -12.8769
8.7455  -12.8774
8.74875  -12.8779
8.752  -12.8784
8.75525  -12.8789
8.7585  -12.8794
8.76175  -12.8799
8.765  -12.8804
8.76825  -12.8809
8.7715  -12.8814
8.77475  -12.8819
8.778  -12.8824
8.78125  -12.8829
8.7845  -12.8834
8.78775  -12.884
8.791  -12.8845
8.79425  -12.885
8.7975  -12.8855
8.80075  -12.886
8.804  -12.8865
8.80725  -12.887
8.8105  -12.8875
8.81375  -12.888
8.817  -12.8885
8.82025  -12.889
8.8235  -12.8895
8.82675  -12.89
8.83  -12.8905
8.83325  -12.891
8.8365  -12.8915
8.83975  -12.892
8.843  -12.8925
8.84625  -12.893
8.8495  -12.8935
8.85275  -12.894
8.856  -12.8945
8.85925  -12.895
8.8625  -12.8955
8.86575  -12.896
8.869  -12.8965
8.87225  -12.897
8.8755  -12.8975
8.87875  -12.8982
8.882  -12.8988
8.88525  -12.8995
8.8885  -12.9002
8.89175  -12.9008
8.895  -12.9015
8.89825  -12.9022
8.9015  -12.9029
8.90475  -12.9035
8.908  -12.9042
8.91125  -12.9049
8.9145  -12.9056
8.91775  -12.9062
8.921  -12.9069
8.92425  -12.9076
8.9275  -12.9083
8.93075  -12.9089
8.934  -12.9096
8.93725  -12.9103
8.9405  -12.911
8.94375  -12.9116
8.947  -12.9123
8.95025  -12.913
8.9535  -12.9137
8.95675  -12.9143
8.96  -12.915
8.96325  -12.9157
8.9665  -12.9164
8.96975  -12.917
8.973  -12.9177
8.97625  -12.9184
8.9795  -12.9191
8.98275  -12.9198
8.986  -12.9204
8.98925  -12.9211
8.9925  -12.9218
8.99575  -12.9225
8.999  -12.9232
9.00225  -12.9238
9.0055  -12.9245
9.00875  -12.9252
9.012  -12.9259
9.01525  -12.9266
9.0185  -12.9272
9.02175  -12.9279
9.025  -12.9286
9.02825  -12.9293
9.0315  -12.93
9.03475  -12.9307
9.038  -12.9313
9.04125  -12.932
9.0445  -12.9327
9.04775  -12.9334
9.051  -12.9341
9.05425  -12.9348
9.0575  -12.9354
9.06075  -12.9361
9.064  -12.9368
9.06725  -12.9375
9.0705  -12.9382
9.07375  -12.9389
9.077  -12.9396
9.08025  -12.9402
9.0835  -12.9409
9.08675  -12.9416
9.09  -12.9423
9.09325  -12.943
9.0965  -12.9437
9.09975  -12.9444
9.103  -12.9451
9.10625  -12.9458
9.1095  -12.9464
9.11275  -12.9471
9.116  -12.9478
9.11925  -12.9485
9.1225  -12.9492
9.12575  -12.9498
9.129  -12.95
9.13225  -12.9501
9.1355  -12.9503
9.13875  -12.9505
9.142  -12.9507
9.14525  -12.9509
9.1485  -12.9511
9.15175  -12.9513
9.155  -12.9514
9.15825  -12.9516
9.1615  -12.9518
9.16475  -12.952
9.168  -12.9522
9.17125  -12.9524
9.1745  -12.9526
9.17775  -12.9527
9.181  -12.9529
9.18425  -12.9531
9.1875  -12.9533
9.19075  -12.9535
9.194  -12.9537
9.19725  -12.9539
9.2005  -12.954
9.20375  -12.9542
9.207  -12.9544
9.21025  -12.9546
9.2135  -12.9548
9.21675  -12.955
9.22  -12.9552
9.22325  -12.9553
9.2265  -12.9555
9.22975  -12.9557
9.233  -12.9559
9.23625  -12.9561
9.2395  -12.9563
9.24275  -12.9564
9.246  -12.9566
9.24925  -12.9568
9.2525  -12.957
9.25575  -12.9572
9.259  -12.9574
9.26225  -12.9575
9.2655  -12.9577
9.26875  -12.9579
9.272  -12.9581
9.27525  -12.9583
9.2785  -12.9585
9.28175  -12.9586
9.285  -12.9588
9.28825  -12.959
9.2915  -12.9592
9.29475  -12.9594
9.298  -12.9596
9.30125  -12.9597
9.3045  -12.9599
9.30775  -12.9601
9.311  -12.9603
9.31425  -12.9605
9.3175  -12.9607
9.32075  -12.9608
9.324  -12.961
9.32725  -12.9612
9.3305  -12.9614
9.33375  -12.9616
9.337  -12.9618
9.34025  -12.9619
9.3435  -12.9621
9.34675  -12.9623
9.35  -12.9625
9.35325  -12.9627
9.3565  -12.9628
9.35975  -12.963
9.363  -12.9632
9.36625  -12.9634
9.3695  -12.9636
9.37275  -12.9638
9.376  -12.964
9.37925  -12.9644
9.3825  -12.9647
9.38575  -12.9651
9.389  -12.9654
9.39225  -12.9658
9.3955  -12.9662
9.39875  -12.9665
9.402  -12.9669
9.40525  -12.9673
9.4085  -12.9676
9.41175  -12.968
9.415  -12.9683
9.41825  -12.9687
9.4215  -12.9691
9.42475  -12.9694
9.428  -12.9698
9.43125  -12.9702
9.4345  -12.9705
9.43775  -12.9709
9.441  -12.9712
9.44425  -12.9716
9.4475  -12.972
9.45075  -12.9723
9.454  -12.9727
9.45725  -12.9731
9.4605  -12.9734
9.46375  -12.9738
9.467  -12.9741
9.47025  -12.9745
9.4735  -12.9749
9.47675  -12.9752
9.48  -12.9756
9.48325  -12.9759
9.4865  -12.9763
9.48975  -12.9767
9.493  -12.977
9.49625  -12.9774
9.4995  -12.9778
9.50275  -12.9781
9.506  -12.9785
9.50925  -12.9788
9.5125  -12.9792
9.51575  -12.9796
9.519  -12.9799
9.52225  -12.9803
9.5255  -12.9806
9.52875  -12.981
9.532  -12.9814
9.53525  -12.9817
9.5385  -12.9821
9.54175  -12.9824
9.545  -12.9828
9.54825  -12.9832
9.5515  -12.9835
9.55475  -12.9839
9.558  -12.9842
9.56125  -12.9846
9.5645  -12.985
9.56775  -12.9853
9.571  -12.9857
9.57425  -12.986
9.5775  -12.9864
9.58075  -12.9868
9.584  -12.9871
9.58725  -12.9875
9.5905  -12.9878
9.59375  -12.9882
9.597  -12.9886
9.60025  -12.9889
9.6035  -12.9893
9.60675  -12.9896
9.61  -12.99
9.61325  -12.9903
9.6165  -12.9907
9.61975  -12.9911
9.623  -12.9914
9.62625  -12.9918
9.6295  -12.9922
9.63275  -12.9926
9.636  -12.993
9.63925  -12.9934
9.6425  -12.9938
9.64575  -12.9942
9.649  -12.9946
9.65225  -12.995
9.6555  -12.9954
9.65875  -12.9958
9.662  -12.9962
9.66525  -12.9966
9.6685  -12.997
9.67175  -12.9975
9.675  -12.9979
9.67825  -12.9983
9.6815  -12.9987
9.68475  -12.9991
9.688  -12.9995
9.69125  -12.9999
9.6945  -13.0003
9.69775  -13.0007
9.701  -13.0011
9.70425  -13.0015
9.7075  -13.0019
9.71075  -13.0023
9.714  -13.0027
9.71725  -13.0031
9.7205  -13.0035
9.72375  -13.0039
9.727  -13.0043
9.73025  -13.0047
9.7335  -13.0051
9.73675  -13.0055
9.74  -13.0059
9.74325  -13.0063
9.7465  -13.0067
9.74975  -13.0071
9.753  -13.0075
9.75625  -13.0079
9.7595  -13.0083
9.76275  -13.0087
9.766  -13.0091
9.76925  -13.0096
9.7725  -13.01
9.77575  -13.0104
9.779  -13.0108
9.78225  -13.0112
9.7855  -13.0116
9.78875  -13.012
9.792  -13.0124
9.79525  -13.0128
9.7985  -13.0132
9.80175  -13.0136
9.805  -13.014
9.80825  -13.0144
9.8115  -13.0148
9.81475  -13.0152
9.818  -13.0156
9.82125  -13.016
9.8245  -13.0164
9.82775  -13.0168
9.831  -13.0172
9.83425  -13.0176
9.8375  -13.018
9.84075  -13.0184
9.844  -13.0188
9.84725  -13.0192
9.8505  -13.0196
9.85375  -13.02
9.857  -13.0204
9.86025  -13.0208
9.8635  -13.0212
9.86675  -13.0216
9.87  -13.022
9.87325  -13.0224
9.8765  -13.0229
9.87975  -13.0236
9.883  -13.0243
9.88625  -13.025
9.8895  -13.0257
9.89275  -13.0264
9.896  -13.027
9.89925  -13.0277
9.9025  -13.0284
9.90575  -13.0291
9.909  -13.0298
9.91225  -13.0305
9.9155  -13.0311
9.91875  -13.0318
9.922  -13.0325
9.92525  -13.0332
9.9285  -13.0339
9.93175  -13.0346
9.935  -13.0353
9.93825  -13.0359
9.9415  -13.0366
9.94475  -13.0373
9.948  -13.038
9.95125  -13.0387
9.9545  -13.0394
9.95775  -13.0401
9.961  -13.0408
9.96425  -13.0414
9.9675  -13.0421
9.97075  -13.0428
9.974  -13.0435
9.97725  -13.0442
9.9805  -13.0449
9.98375  -13.0456
9.987  -13.0463
9.99025  -13.047
9.9935  -13.0477
9.99675  -13.0484
