0.25  -12.7715
0.25325  -12.68
0.2565  -12.6226
0.25975  -12.5954
0.263  -12.595
0.26625  -12.6192
0.2695  -12.6666
0.27275  -12.7362
0.276  -12.8274
0.27925  -12.9387
0.2825  -13.066
0.28575  -13.1987
0.289  -13.3133
0.29225  -13.3749
0.2955  -13.3618
0.29875  -13.2895
0.302  -13.1921
0.30525  -13.0945
0.3085  -13.008
0.31175  -12.9363
0.315  -12.8796
0.31825  -12.837
0.3215  -12.8073
0.32475  -12.7894
0.328  -12.7821
0.33125  -12.7847
0.3345  -12.7962
0.33775  -12.8162
0.341  -12.8439
0.34425  -12.8789
0.3475  -12.9205
0.35075  -12.968
0.354  -13.0205
0.35725  -13.0769
0.3605  -13.1356
0.36375  -13.1945
0.367  -13.2506
0.37025  -13.3006
0.3735  -13.3409
0.37675  -13.3687
0.38  -13.3823
0.38325  -13.3812
0.3865  -13.3669
0.38975  -13.3421
0.393  -13.3102
0.39625  -13.2742
0.3995  -13.2368
0.40275  -13.1996
0.406  -13.1642
0.40925  -13.1311
0.4125  -13.101
0.41575  -13.074
0.419  -13.0503
0.42225  -13.0298
0.4255  -13.0125
0.42875  -12.9982
0.432  -12.9868
0.43525  -12.9781
0.4385  -12.9721
0.44175  -12.9684
0.445  -12.9671
0.44825  -12.9679
0.4515  -12.9708
0.45475  -12.9754
0.458  -12.9818
0.46125  -12.9898
0.4645  -12.9993
0.46775  -13.01
0.471  -13.0219
0.47425  -13.0349
0.4775  -13.0487
0.48075  -13.0632
0.484  -13.0784
0.48725  -13.094
0.4905  -13.1099
0.49375  -13.1258
0.497  -13.1418
0.50025  -13.1575
0.5035  -13.1729
0.50675  -13.1877
0.51  -13.2018
0.51325  -13.2152
0.5165  -13.2276
0.51975  -13.2389
0.523  -13.2491
0.52625  -13.258
0.5295  -13.2657
0.53275  -13.2721
0.536  -13.2771
0.53925  -13.2809
0.5425  -13.2834
0.54575  -13.2848
0.549  -13.285
0.55225  -13.2842
0.5555  -13.2824
0.55875  -13.2799
0.562  -13.2766
0.56525  -13.2726
0.5685  -13.2682
0.57175  -13.2633
0.575  -13.258
0.57825  -13.2525
0.5815  -13.2468
0.58475  -13.241
0.588  -13.2351
0.59125  -13.2292
0.5945  -13.2234
0.59775  -13.2176
0.601  -13.212
0.60425  -13.2065
0.6075  -13.2011
0.61075  -13.196
0.614  -13.1911
0.61725  -13.1864
0.6205  -13.1819
0.62375  -13.1776
0.627  -13.1736
0.63025  -13.1699
0.6335  -13.1664
0.63675  -13.1631
0.64  -13.1601
0.64325  -13.1573
0.6465  -13.1547
0.64975  -13.1523
0.653  -13.1501
0.65625  -13.1481
0.6595  -13.1463
0.66275  -13.1447
0.666  -13.1432
0.66925  -13.1419
0.6725  -13.1407
0.67575  -13.1397
0.679  -13.1388
0.68225  -13.138
0.6855  -13.1373
0.68875  -13.1367
0.692  -13.1362
0.69525  -13.1358
0.6985  -13.1355
0.70175  -13.1352
0.705  -13.135
0.70825  -13.1349
0.7115  -13.1348
0.71475  -13.1347
0.718  -13.1347
0.72125  -13.1347
0.7245  -13.1347
0.72775  -13.1347
0.731  -13.1348
0.73425  -13.1349
0.7375  -13.135
0.74075  -13.135
0.744  -13.1351
0.74725  -13.1352
0.7505  -13.1353
0.75375  -13.1354
0.757  -13.1355
0.76025  -13.1355
0.7635  -13.1356
0.76675  -13.1356
0.77  -13.1357
0.77325  -13.1357
0.7765  -13.1357
0.77975  -13.1357
0.783  -13.1357
0.78625  -13.1357
0.7895  -13.1356
0.79275  -13.1356
0.796  -13.1356
0.79925  -13.1355
0.8025  -13.1355
0.80575  -13.1354
0.809  -13.1353
0.81225  -13.1352
0.8155  -13.1352
0.81875  -13.1351
0.822  -13.135
0.82525  -13.1349
0.8285  -13.1349
0.83175  -13.1348
0.835  -13.1347
0.83825  -13.1347
0.8415  -13.1347
0.84475  -13.1346
0.848  -13.1346
0.85125  -13.1346
0.8545  -13.1346
0.85775  -13.1346
0.861  -13.1347
0.86425  -13.1347
0.8675  -13.1348
0.87075  -13.1349
0.874  -13.135
0.87725  -13.1349
0.8805  -13.1348
0.88375  -13.1347
0.887  -13.1346
0.89025  -13.1345
0.8935  -13.1345
0.89675  -13.1345
0.9  -13.1345
0.90325  -13.1346
0.9065  -13.1346
0.90975  -13.1347
0.913  -13.1349
0.91625  -13.135
0.9195  -13.1352
0.92275  -13.1355
0.926  -13.1357
0.92925  -13.136
0.9325  -13.1364
0.93575  -13.1367
0.939  -13.1371
0.94225  -13.1375
0.9455  -13.138
0.94875  -13.1385
0.952  -13.139
0.95525  -13.1396
0.9585  -13.1401
0.96175  -13.1408
0.965  -13.1414
0.96825  -13.1421
0.9715  -13.1428
0.97475  -13.1436
0.978  -13.1444
0.98125  -13.1452
0.9845  -13.1461
0.98775  -13.147
0.991  -13.1479
0.99425  -13.1488
0.9975  -13.1498
1.00075  -13.1508
1.004  -13.1519
1.00725  -13.1529
1.0105  -13.154
1.01375  -13.1552
1.017  -13.1563
1.02025  -13.1575
1.0235  -13.1587
1.02675  -13.1599
1.03  -13.1612
1.03325  -13.1625
1.0365  -13.1638
1.03975  -13.1651
1.043  -13.1665
1.04625  -13.1679
1.0495  -13.1693
1.05275  -13.1707
1.056  -13.1722
1.05925  -13.1737
1.0625  -13.1752
1.06575  -13.1767
1.069  -13.1782
1.07225  -13.1797
1.0755  -13.1813
1.07875  -13.1829
1.082  -13.1845
1.08525  -13.1861
1.0885  -13.1877
1.09175  -13.1894
1.095  -13.191
1.09825  -13.1927
1.1015  -13.1944
1.10475  -13.1961
1.108  -13.1978
1.11125  -13.1995
1.1145  -13.2012
1.11775  -13.2029
1.121  -13.2047
1.12425  -13.2064
1.1275  -13.2082
1.13075  -13.2101
1.134  -13.2119
1.13725  -13.2138
1.1405  -13.2157
1.14375  -13.2176
1.147  -13.2195
1.15025  -13.2214
1.1535  -13.2233
1.15675  -13.2252
1.16  -13.2271
1.16325  -13.229
1.1665  -13.2309
1.16975  -13.2329
1.173  -13.2348
1.17625  -13.2367
1.1795  -13.2387
1.18275  -13.2406
1.186  -13.2425
1.18925  -13.2445
1.1925  -13.2464
1.19575  -13.2483
1.199  -13.2502
1.20225  -13.2522
1.2055  -13.2541
1.20875  -13.256
1.212  -13.2579
1.21525  -13.2598
1.2185  -13.2616
1.22175  -13.2635
1.225  -13.2654
1.22825  -13.2672
1.2315  -13.2691
1.23475  -13.2709
1.238  -13.2727
1.24125  -13.2745
1.2445  -13.2763
1.24775  -13.2781
1.251  -13.2799
1.25425  -13.2816
1.2575  -13.2833
1.26075  -13.2851
1.264  -13.2867
1.26725  -13.2884
1.2705  -13.2901
1.27375  -13.2917
1.277  -13.2933
1.28025  -13.2949
1.2835  -13.2965
1.28675  -13.2981
1.29  -13.2996
1.29325  -13.3011
1.2965  -13.3026
1.29975  -13.3041
1.303  -13.3055
1.30625  -13.3069
1.3095  -13.3083
1.31275  -13.3097
1.316  -13.311
1.31925  -13.3123
1.3225  -13.3136
1.32575  -13.3149
1.329  -13.3161
1.33225  -13.3173
1.3355  -13.3185
1.33875  -13.3196
1.342  -13.3207
1.34525  -13.3218
1.3485  -13.3228
1.35175  -13.3239
1.355  -13.3248
1.35825  -13.3258
1.3615  -13.3267
1.36475  -13.3276
1.368  -13.3285
1.37125  -13.3293
1.3745  -13.3301
1.37775  -13.3302
1.381  -13.3301
1.38425  -13.3299
1.3875  -13.3298
1.39075  -13.3296
1.394  -13.3293
1.39725  -13.3291
1.4005  -13.3287
1.40375  -13.3284
1.407  -13.328
1.41025  -13.3276
1.4135  -13.3272
1.41675  -13.3267
1.42  -13.3262
1.42325  -13.3257
1.4265  -13.3251
1.42975  -13.3245
1.433  -13.3239
1.43625  -13.3232
1.4395  -13.3226
1.44275  -13.3219
1.446  -13.3211
1.44925  -13.3203
1.4525  -13.3196
1.45575  -13.3187
1.459  -13.3179
1.46225  -13.317
1.4655  -13.3161
1.46875  -13.3152
1.472  -13.3143
1.47525  -13.3133
1.4785  -13.3123
1.48175  -13.3113
1.485  -13.3103
1.48825  -13.3092
1.4915  -13.3082
1.49475  -13.3071
1.498  -13.306
1.50125  -13.3048
1.5045  -13.3037
1.50775  -13.3025
1.511  -13.3013
1.51425  -13.3001
1.5175  -13.2989
1.52075  -13.2977
1.524  -13.2964
1.52725  -13.2951
1.5305  -13.2938
1.53375  -13.2925
1.537  -13.2912
1.54025  -13.2899
1.5435  -13.2886
1.54675  -13.2872
1.55  -13.2859
1.55325  -13.2845
1.5565  -13.2831
1.55975  -13.2817
1.563  -13.2803
1.56625  -13.2789
1.5695  -13.2774
1.57275  -13.276
1.576  -13.2746
1.57925  -13.2731
1.5825  -13.2716
1.58575  -13.2702
1.589  -13.2687
1.59225  -13.2672
1.5955  -13.2657
1.59875  -13.2642
1.602  -13.2627
1.60525  -13.2612
1.6085  -13.2597
1.61175  -13.2582
1.615  -13.2567
1.61825  -13.2551
1.6215  -13.2536
1.62475  -13.2521
1.628  -13.2509
1.63125  -13.2499
1.6345  -13.2488
1.63775  -13.2477
1.641  -13.2466
1.64425  -13.2455
1.6475  -13.2444
1.65075  -13.2433
1.654  -13.2422
1.65725  -13.2411
1.6605  -13.24
1.66375  -13.2388
1.667  -13.2377
1.67025  -13.2366
1.6735  -13.2355
1.67675  -13.2344
1.68  -13.2333
1.68325  -13.2321
1.6865  -13.231
1.68975  -13.2299
1.693  -13.2288
1.69625  -13.2276
1.6995  -13.2265
1.70275  -13.2254
1.706  -13.2243
1.70925  -13.2231
1.7125  -13.222
1.71575  -13.2209
1.719  -13.2198
1.72225  -13.2187
1.7255  -13.2176
1.72875  -13.2164
1.732  -13.2153
1.73525  -13.2142
1.7385  -13.2131
1.74175  -13.212
1.745  -13.2109
1.74825  -13.2098
1.7515  -13.2087
1.75475  -13.2076
1.758  -13.2065
1.76125  -13.2054
1.7645  -13.2044
1.76775  -13.2033
1.771  -13.2022
1.77425  -13.2011
1.7775  -13.2
1.78075  -13.199
1.784  -13.1979
1.78725  -13.1969
1.7905  -13.1958
1.79375  -13.1947
1.797  -13.1937
1.80025  -13.1926
1.8035  -13.1916
1.80675  -13.1906
1.81  -13.1895
1.81325  -13.1885
1.8165  -13.1875
1.81975  -13.1865
1.823  -13.1855
1.82625  -13.1845
1.8295  -13.1834
1.83275  -13.1825
1.836  -13.1815
1.83925  -13.1805
1.8425  -13.1795
1.84575  -13.1785
1.849  -13.1775
1.85225  -13.1766
1.8555  -13.1756
1.85875  -13.1746
1.862  -13.1737
1.86525  -13.1727
1.8685  -13.1718
1.87175  -13.1709
1.875  -13.1699
1.87825  -13.1692
1.8815  -13.1684
1.88475  -13.1676
1.888  -13.1669
1.89125  -13.1661
1.8945  -13.1654
1.89775  -13.1646
1.901  -13.1639
1.90425  -13.1632
1.9075  -13.1625
1.91075  -13.1617
1.914  -13.161
1.91725  -13.1603
1.9205  -13.1596
1.92375  -13.1589
1.927  -13.1582
1.93025  -13.1576
1.9335  -13.1569
1.93675  -13.1562
1.94  -13.1555
1.94325  -13.1549
1.9465  -13.1542
1.94975  -13.1536
1.953  -13.1529
1.95625  -13.1523
1.9595  -13.1517
1.96275  -13.151
1.966  -13.1504
1.96925  -13.1498
1.9725  -13.1492
1.97575  -13.1486
1.979  -13.148
1.98225  -13.1474
1.9855  -13.1468
1.98875  -13.1463
1.992  -13.1457
1.99525  -13.1451
1.9985  -13.1446
2.00175  -13.144
2.005  -13.1434
2.00825  -13.1429
2.0115  -13.1424
2.01475  -13.1418
2.018  -13.1413
2.02125  -13.1408
2.0245  -13.1403
2.02775  -13.1398
2.031  -13.1393
2.03425  -13.1388
2.0375  -13.1383
2.04075  -13.1378
2.044  -13.1373
2.04725  -13.1368
2.0505  -13.1364
2.05375  -13.1359
2.057  -13.1355
2.06025  -13.135
2.0635  -13.1346
2.06675  -13.1341
2.07  -13.1337
2.07325  -13.1333
2.0765  -13.1328
2.07975  -13.1324
2.083  -13.132
2.08625  -13.1316
2.0895  -13.1312
2.09275  -13.1308
2.096  -13.1304
2.09925  -13.13
2.1025  -13.1297
2.10575  -13.1293
2.109  -13.1289
2.11225  -13.1286
2.1155  -13.1282
2.11875  -13.1279
2.122  -13.1275
2.12525  -13.1272
2.1285  -13.1265
2.13175  -13.1258
2.135  -13.1252
2.13825  -13.1245
2.1415  -13.1238
2.14475  -13.1232
2.148  -13.1226
2.15125  -13.1219
2.1545  -13.1213
2.15775  -13.1207
2.161  -13.1201
2.16425  -13.1195
2.1675  -13.1189
2.17075  -13.1183
2.174  -13.1177
2.17725  -13.1171
2.1805  -13.1165
2.18375  -13.1159
2.187  -13.1154
2.19025  -13.1148
2.1935  -13.1143
2.19675  -13.1137
2.2  -13.1132
2.20325  -13.1126
2.2065  -13.1121
2.20975  -13.1115
2.213  -13.111
2.21625  -13.1105
2.2195  -13.11
2.22275  -13.1095
2.226  -13.109
2.22925  -13.1085
2.2325  -13.108
2.23575  -13.1075
2.239  -13.107
2.24225  -13.1065
2.2455  -13.106
2.24875  -13.1056
2.252  -13.1051
2.25525  -13.1047
2.2585  -13.1042
2.26175  -13.1038
2.265  -13.1033
2.26825  -13.1029
2.2715  -13.1024
2.27475  -13.102
2.278  -13.1016
2.28125  -13.1012
2.2845  -13.1007
2.28775  -13.1003
2.291  -13.0999
2.29425  -13.0995
2.2975  -13.0991
2.30075  -13.0987
2.304  -13.0983
2.30725  -13.0979
2.3105  -13.0976
2.31375  -13.0972
2.317  -13.0968
2.32025  -13.0965
2.3235  -13.0961
2.32675  -13.0957
2.33  -13.0954
2.33325  -13.095
2.3365  -13.0947
2.33975  -13.0943
2.343  -13.094
2.34625  -13.0937
2.3495  -13.0933
2.35275  -13.093
2.356  -13.0927
2.35925  -13.0924
2.3625  -13.0921
2.36575  -13.0917
2.369  -13.0914
2.37225  -13.0911
2.3755  -13.0909
2.37875  -13.0911
2.382  -13.0913
2.38525  -13.0914
2.3885  -13.0916
2.39175  -13.0918
2.395  -13.092
2.39825  -13.0922
2.4015  -13.0924
2.40475  -13.0926
2.408  -13.0928
2.41125  -13.093
2.4145  -13.0932
2.41775  -13.0934
2.421  -13.0936
2.42425  -13.0938
2.4275  -13.0941
2.43075  -13.0943
2.434  -13.0945
2.43725  -13.0948
2.4405  -13.095
2.44375  -13.0952
2.447  -13.0955
2.45025  -13.0957
2.4535  -13.096
2.45675  -13.0963
2.46  -13.0965
2.46325  -13.0968
2.4665  -13.097
2.46975  -13.0973
2.473  -13.0976
2.47625  -13.0979
2.4795  -13.0981
2.48275  -13.0984
2.486  -13.0987
2.48925  -13.099
2.4925  -13.0993
2.49575  -13.0996
2.499  -13.0999
2.50225  -13.1002
2.5055  -13.1005
2.50875  -13.1008
2.512  -13.1011
2.51525  -13.1015
2.5185  -13.1018
2.52175  -13.1021
2.525  -13.1024
2.52825  -13.1028
2.5315  -13.1031
2.53475  -13.1034
2.538  -13.1038
2.54125  -13.1041
2.5445  -13.1045
2.54775  -13.1048
2.551  -13.1052
2.55425  -13.1055
2.5575  -13.1059
2.56075  -13.1062
2.564  -13.1066
2.56725  -13.107
2.5705  -13.1073
2.57375  -13.1077
2.577  -13.1081
2.58025  -13.1085
2.5835  -13.1088
2.58675  -13.1092
2.59  -13.1096
2.59325  -13.11
2.5965  -13.1104
2.59975  -13.1108
2.603  -13.1112
2.60625  -13.1116
2.6095  -13.112
2.61275  -13.1124
2.616  -13.1128
2.61925  -13.1133
2.6225  -13.1137
2.62575  -13.114
2.629  -13.1142
2.63225  -13.1144
2.6355  -13.1146
2.63875  -13.1148
2.642  -13.115
2.64525  -13.1152
2.6485  -13.1154
2.65175  -13.1156
2.655  -13.1158
2.65825  -13.116
2.6615  -13.1163
2.66475  -13.1165
2.668  -13.1167
2.67125  -13.1169
2.6745  -13.1171
2.67775  -13.1174
2.681  -13.1176
2.68425  -13.1178
2.6875  -13.118
2.69075  -13.1183
2.694  -13.1185
2.69725  -13.1188
2.7005  -13.119
2.70375  -13.1192
2.707  -13.1195
2.71025  -13.1197
2.7135  -13.12
2.71675  -13.1203
2.72  -13.1205
2.72325  -13.1208
2.7265  -13.121
2.72975  -13.1213
2.733  -13.1216
2.73625  -13.1218
2.7395  -13.1221
2.74275  -13.1224
2.746  -13.1226
2.74925  -13.1229
2.7525  -13.1232
2.75575  -13.1235
2.759  -13.1238
2.76225  -13.124
2.7655  -13.1243
2.76875  -13.1246
2.772  -13.1249
2.77525  -13.1252
2.7785  -13.1255
2.78175  -13.1258
2.785  -13.1261
2.78825  -13.1264
2.7915  -13.1267
2.79475  -13.127
2.798  -13.1273
2.80125  -13.1276
2.8045  -13.1279
2.80775  -13.1282
2.811  -13.1285
2.81425  -13.1289
2.8175  -13.1292
2.82075  -13.1295
2.824  -13.1298
2.82725  -13.1301
2.8305  -13.1305
2.83375  -13.1308
2.837  -13.1311
2.84025  -13.1315
2.8435  -13.1318
2.84675  -13.1321
2.85  -13.1325
2.85325  -13.1328
2.8565  -13.1331
2.85975  -13.1335
2.863  -13.1338
2.86625  -13.1342
2.8695  -13.1345
2.87275  -13.1349
2.876  -13.1352
2.87925  -13.1355
2.8825  -13.1359
2.88575  -13.1362
2.889  -13.1365
2.89225  -13.1368
2.8955  -13.1372
2.89875  -13.1375
2.902  -13.1378
2.90525  -13.1382
2.9085  -13.1385
2.91175  -13.1388
2.915  -13.1392
2.91825  -13.1395
2.9215  -13.1399
2.92475  -13.1402
2.928  -13.1405
2.93125  -13.1409
2.9345  -13.1412
2.93775  -13.1416
2.941  -13.1419
2.94425  -13.1423
2.9475  -13.1426
2.95075  -13.143
2.954  -13.1434
2.95725  -13.1437
2.9605  -13.1441
2.96375  -13.1444
2.967  -13.1448
2.97025  -13.1452
2.9735  -13.1455
2.97675  -13.1459
2.98  -13.1463
2.98325  -13.1466
2.9865  -13.147
2.98975  -13.1474
2.993  -13.1477
2.99625  -13.1481
2.9995  -13.1485
3.00275  -13.1489
3.006  -13.1492
3.00925  -13.1496
3.0125  -13.15
3.01575  -13.1504
3.019  -13.1508
3.02225  -13.1512
3.0255  -13.1515
3.02875  -13.1519
3.032  -13.1523
3.03525  -13.1527
3.0385  -13.1531
3.04175  -13.1535
3.045  -13.1539
3.04825  -13.1543
3.0515  -13.1547
3.05475  -13.1551
3.058  -13.1555
3.06125  -13.1559
3.0645  -13.1563
3.06775  -13.1567
3.071  -13.1571
3.07425  -13.1575
3.0775  -13.1579
3.08075  -13.1583
3.084  -13.1587
3.08725  -13.1591
3.0905  -13.1595
3.09375  -13.1599
3.097  -13.1604
3.10025  -13.1608
3.1035  -13.1612
3.10675  -13.1616
3.11  -13.162
3.11325  -13.1624
3.1165  -13.1629
3.11975  -13.1633
3.123  -13.1637
3.12625  -13.1642
3.1295  -13.1647
3.13275  -13.1653
3.136  -13.1658
3.13925  -13.1663
3.1425  -13.1669
3.14575  -13.1674
3.149  -13.168
3.15225  -13.1685
3.1555  -13.1691
3.15875  -13.1696
3.162  -13.1702
3.16525  -13.1707
3.1685  -13.1713
3.17175  -13.1718
3.175  -13.1724
3.17825  -13.173
3.1815  -13.1735
3.18475  -13.1741
3.188  -13.1746
3.19125  -13.1752
3.1945  -13.1758
3.19775  -13.1763
3.201  -13.1769
3.20425  -13.1775
3.2075  -13.178
3.21075  -13.1786
3.214  -13.1792
3.21725  -13.1797
3.2205  -13.1803
3.22375  -13.1809
3.227  -13.1815
3.23025  -13.1821
3.2335  -13.1826
3.23675  -13.1832
3.24  -13.1838
3.24325  -13.1844
3.2465  -13.185
3.24975  -13.1855
3.253  -13.1861
3.25625  -13.1867
3.2595  -13.1873
3.26275  -13.1879
3.266  -13.1885
3.26925  -13.1891
3.2725  -13.1897
3.27575  -13.1903
3.279  -13.1909
3.28225  -13.1915
3.2855  -13.1921
3.28875  -13.1927
3.292  -13.1933
3.29525  -13.1939
3.2985  -13.1945
3.30175  -13.1951
3.305  -13.1957
3.30825  -13.1963
3.3115  -13.1969
3.31475  -13.1975
3.318  -13.1981
3.32125  -13.1987
3.3245  -13.1993
3.32775  -13.2
3.331  -13.2006
3.33425  -13.2012
3.3375  -13.2018
3.34075  -13.2024
3.344  -13.203
3.34725  -13.2037
3.3505  -13.2043
3.35375  -13.2049
3.357  -13.2055
3.36025  -13.2061
3.3635  -13.2068
3.36675  -13.2074
3.37  -13.208
3.37325  -13.2087
3.3765  -13.2091
3.37975  -13.2094
3.383  -13.2096
3.38625  -13.2099
3.3895  -13.2101
3.39275  -13.2104
3.396  -13.2106
3.39925  -13.2109
3.4025  -13.2111
3.40575  -13.2114
3.409  -13.2116
3.41225  -13.2119
3.4155  -13.2121
3.41875  -13.2124
3.422  -13.2126
3.42525  -13.2129
3.4285  -13.2132
3.43175  -13.2134
3.435  -13.2137
3.43825  -13.2139
3.4415  -13.2142
3.44475  -13.2145
3.448  -13.2147
3.45125  -13.215
3.4545  -13.2152
3.45775  -13.2155
3.461  -13.2157
3.46425  -13.216
3.4675  -13.2163
3.47075  -13.2165
3.474  -13.2168
3.47725  -13.2171
3.4805  -13.2173
3.48375  -13.2176
3.487  -13.2179
3.49025  -13.2181
3.4935  -13.2184
3.49675  -13.2186
3.5  -13.2189
3.50325  -13.2192
3.5065  -13.2194
3.50975  -13.2197
3.513  -13.22
3.51625  -13.2202
3.5195  -13.2205
3.52275  -13.2208
3.526  -13.221
3.52925  -13.2213
3.5325  -13.2216
3.53575  -13.2219
3.539  -13.2221
3.54225  -13.2224
3.5455  -13.2227
3.54875  -13.2229
3.552  -13.2232
3.55525  -13.2235
3.5585  -13.2237
3.56175  -13.224
3.565  -13.2243
3.56825  -13.2246
3.5715  -13.2248
3.57475  -13.2251
3.578  -13.2254
3.58125  -13.2257
3.5845  -13.2259
3.58775  -13.2262
3.591  -13.2265
3.59425  -13.2268
3.5975  -13.227
3.60075  -13.2273
3.604  -13.2276
3.60725  -13.2279
3.6105  -13.2281
3.61375  -13.2284
3.617  -13.2287
3.62025  -13.229
3.6235  -13.2292
3.62675  -13.2295
3.63  -13.2296
3.63325  -13.2298
3.6365  -13.2299
3.63975  -13.2301
3.643  -13.2302
3.64625  -13.2304
3.6495  -13.2306
3.65275  -13.2307
3.656  -13.2309
3.65925  -13.231
3.6625  -13.2312
3.66575  -13.2313
3.669  -13.2315
3.67225  -13.2317
3.6755  -13.2318
3.67875  -13.232
3.682  -13.2321
3.68525  -13.2323
3.6885  -13.2325
3.69175  -13.2326
3.695  -13.2328
3.69825  -13.233
3.7015  -13.2331
3.70475  -13.2333
3.708  -13.2335
3.71125  -13.2336
3.7145  -13.2338
3.71775  -13.2339
3.721  -13.2341
3.72425  -13.2343
3.7275  -13.2344
3.73075  -13.2346
3.734  -13.2348
3.73725  -13.235
3.7405  -13.2351
3.74375  -13.2353
3.747  -13.2355
3.75025  -13.2356
3.7535  -13.2358
3.75675  -13.236
3.76  -13.2361
3.76325  -13.2363
3.7665  -13.2365
3.76975  -13.2367
3.773  -13.2368
3.77625  -13.237
3.7795  -13.2372
3.78275  -13.2373
3.786  -13.2375
3.78925  -13.2377
3.7925  -13.2379
3.79575  -13.238
3.799  -13.2382
3.80225  -13.2384
3.8055  -13.2386
3.80875  -13.2387
3.812  -13.2389
3.81525  -13.2391
3.8185  -13.2393
3.82175  -13.2394
3.825  -13.2396
3.82825  -13.2398
3.8315  -13.24
3.83475  -13.2402
3.838  -13.2403
3.84125  -13.2405
3.8445  -13.2407
3.84775  -13.2409
3.851  -13.2411
3.85425  -13.2412
3.8575  -13.2414
3.86075  -13.2416
3.864  -13.2418
3.86725  -13.242
3.8705  -13.2421
3.87375  -13.2423
3.877  -13.2424
3.88025  -13.2424
3.8835  -13.2423
3.88675  -13.2423
3.89  -13.2423
3.89325  -13.2423
3.8965  -13.2422
3.89975  -13.2422
3.903  -13.2422
3.90625  -13.2422
3.9095  -13.2422
3.91275  -13.2421
3.916  -13.2421
3.91925  -13.2421
3.9225  -13.2421
3.92575  -13.2421
3.929  -13.2421
3.93225  -13.242
3.9355  -13.242
3.93875  -13.242
3.942  -13.242
3.94525  -13.242
3.9485  -13.242
3.95175  -13.2419
3.955  -13.2419
3.95825  -13.2419
3.9615  -13.2419
3.96475  -13.2419
3.968  -13.2419
3.97125  -13.2419
3.9745  -13.2418
3.97775  -13.2418
3.981  -13.2418
3.98425  -13.2418
3.9875  -13.2418
3.99075  -13.2418
3.994  -13.2418
3.99725  -13.2418
4.0005  -13.2417
4.00375  -13.2417
4.007  -13.2417
4.01025  -13.2417
4.0135  -13.2417
4.01675  -13.2417
4.02  -13.2417
4.02325  -13.2417
4.0265  -13.2417
4.02975  -13.2417
4.033  -13.2417
4.03625  -13.2417
4.0395  -13.2416
4.04275  -13.2416
4.046  -13.2416
4.04925  -13.2416
4.0525  -13.2416
4.05575  -13.2416
4.059  -13.2416
4.06225  -13.2416
4.0655  -13.2416
4.06875  -13.2416
4.072  -13.2416
4.07525  -13.2416
4.0785  -13.2416
4.08175  -13.2416
4.085  -13.2416
4.08825  -13.2416
4.0915  -13.2416
4.09475  -13.2416
4.098  -13.2416
4.10125  -13.2416
4.1045  -13.2416
4.10775  -13.2416
4.111  -13.2416
4.11425  -13.2416
4.1175  -13.2416
4.12075  -13.2416
4.124  -13.2416
4.12725  -13.2419
4.1305  -13.2423
4.13375  -13.2427
4.137  -13.2431
4.14025  -13.2435
4.1435  -13.2439
4.14675  -13.2443
4.15  -13.2447
4.15325  -13.2452
4.1565  -13.2456
4.15975  -13.246
4.163  -13.2464
4.16625  -13.2468
4.1695  -13.2472
4.17275  -13.2476
4.176  -13.2481
4.17925  -13.2485
4.1825  -13.2489
4.18575  -13.2493
4.189  -13.2497
4.19225  -13.2501
4.1955  -13.2505
4.19875  -13.251
4.202  -13.2514
4.20525  -13.2518
4.2085  -13.2522
4.21175  -13.2526
4.215  -13.253
4.21825  -13.2535
4.2215  -13.2539
4.22475  -13.2543
4.228  -13.2547
4.23125  -13.2551
4.2345  -13.2556
4.23775  -13.256
4.241  -13.2564
4.24425  -13.2568
4.2475  -13.2572
4.25075  -13.2577
4.254  -13.2581
4.25725  -13.2585
4.2605  -13.2589
4.26375  -13.2593
4.267  -13.2598
4.27025  -13.2602
4.2735  -13.2606
4.27675  -13.261
4.28  -13.2614
4.28325  -13.2619
4.2865  -13.2623
4.28975  -13.2627
4.293  -13.2631
4.29625  -13.2636
4.2995  -13.264
4.30275  -13.2644
4.306  -13.2648
4.30925  -13.2653
4.3125  -13.2657
4.31575  -13.2661
4.319  -13.2665
4.32225  -13.267
4.3255  -13.2674
4.32875  -13.2678
4.332  -13.2682
4.33525  -13.2687
4.3385  -13.2691
4.34175  -13.2695
4.345  -13.2699
4.34825  -13.2704
4.3515  -13.2708
4.35475  -13.2712
4.358  -13.2716
4.36125  -13.2721
4.3645  -13.2725
4.36775  -13.2729
4.371  -13.2733
4.37425  -13.2738
4.3775  -13.2741
4.38075  -13.2743
4.384  -13.2746
4.38725  -13.2748
4.3905  -13.2751
4.39375  -13.2753
4.397  -13.2756
4.40025  -13.2758
4.4035  -13.2761
4.40675  -13.2764
4.41  -13.2766
4.41325  -13.2769
4.4165  -13.2771
4.41975  -13.2774
4.423  -13.2776
4.42625  -13.2779
4.4295  -13.2781
4.43275  -13.2784
4.436  -13.2786
4.43925  -13.2789
4.4425  -13.2791
4.44575  -13.2794
4.449  -13.2796
4.45225  -13.2799
4.4555  -13.2801
4.45875  -13.2804
4.462  -13.2806
4.46525  -13.2809
4.4685  -13.2811
4.47175  -13.2814
4.475  -13.2816
4.47825  -13.2819
4.4815  -13.2821
4.48475  -13.2824
4.488  -13.2826
4.49125  -13.2828
4.4945  -13.2831
4.49775  -13.2833
4.501  -13.2836
4.50425  -13.2838
4.5075  -13.2841
4.51075  -13.2843
4.514  -13.2846
4.51725  -13.2848
4.5205  -13.2851
4.52375  -13.2853
4.527  -13.2856
4.53025  -13.2858
4.5335  -13.286
4.53675  -13.2863
4.54  -13.2865
4.54325  -13.2868
4.5465  -13.287
4.54975  -13.2873
4.553  -13.2875
4.55625  -13.2877
4.5595  -13.288
4.56275  -13.2882
4.566  -13.2885
4.56925  -13.2887
4.5725  -13.289
4.57575  -13.2892
4.579  -13.2894
4.58225  -13.2897
4.5855  -13.2899
4.58875  -13.2902
4.592  -13.2904
4.59525  -13.2906
4.5985  -13.2909
4.60175  -13.2911
4.605  -13.2914
4.60825  -13.2916
4.6115  -13.2918
4.61475  -13.2921
4.618  -13.2923
4.62125  -13.2926
4.6245  -13.2928
4.62775  -13.2932
4.631  -13.2937
4.63425  -13.2941
4.6375  -13.2946
4.64075  -13.2951
4.644  -13.2955
4.64725  -13.296
4.6505  -13.2964
4.65375  -13.2969
4.657  -13.2974
4.66025  -13.2978
4.6635  -13.2983
4.66675  -13.2987
4.67  -13.2992
4.67325  -13.2996
4.6765  -13.3001
4.67975  -13.3006
4.683  -13.301
4.68625  -13.3015
4.6895  -13.3019
4.69275  -13.3024
4.696  -13.3028
4.69925  -13.3033
4.7025  -13.3038
4.70575  -13.3042
4.709  -13.3047
4.71225  -13.3051
4.7155  -13.3056
4.71875  -13.306
4.722  -13.3065
4.72525  -13.3069
4.7285  -13.3074
4.73175  -13.3079
4.735  -13.3083
4.73825  -13.3088
4.7415  -13.3092
4.74475  -13.3097
4.748  -13.3101
4.75125  -13.3106
4.7545  -13.311
4.75775  -13.3115
4.761  -13.3119
4.76425  -13.3124
4.7675  -13.3128
4.77075  -13.3133
4.774  -13.3137
4.77725  -13.3142
4.7805  -13.3147
4.78375  -13.3151
4.787  -13.3156
4.79025  -13.316
4.7935  -13.3165
4.79675  -13.3169
4.8  -13.3174
4.80325  -13.3178
4.8065  -13.3183
4.80975  -13.3187
4.813  -13.3192
4.81625  -13.3196
4.8195  -13.3201
4.82275  -13.3205
4.826  -13.321
4.82925  -13.3214
4.8325  -13.3218
4.83575  -13.3223
4.839  -13.3227
4.84225  -13.3232
4.8455  -13.3236
4.84875  -13.3241
4.852  -13.3245
4.85525  -13.325
4.8585  -13.3254
4.86175  -13.3259
4.865  -13.3263
4.86825  -13.3268
4.8715  -13.3272
4.87475  -13.3277
4.878  -13.3282
4.88125  -13.3287
4.8845  -13.3292
4.88775  -13.3297
4.891  -13.3302
4.89425  -13.3308
4.8975  -13.3313
4.90075  -13.3318
4.904  -13.3323
4.90725  -13.3329
4.9105  -13.3334
4.91375  -13.3339
4.917  -13.3344
4.92025  -13.3349
4.9235  -13.3355
4.92675  -13.336
4.93  -13.3365
4.93325  -13.337
4.9365  -13.3376
4.93975  -13.3381
4.943  -13.3386
4.94625  -13.3392
4.9495  -13.3397
4.95275  -13.3402
4.956  -13.3407
4.95925  -13.3413
4.9625  -13.3418
4.96575  -13.3423
4.969  -13.3429
4.97225  -13.3434
4.9755  -13.3439
4.97875  -13.3444
4.982  -13.345
4.98525  -13.3455
4.9885  -13.346
4.99175  -13.3466
4.995  -13.3471
4.99825  -13.3476
5.0015  -13.3482
5.00475  -13.3487
5.008  -13.3492
5.01125  -13.3498
5.0145  -13.3503
5.01775  -13.3508
5.021  -13.3514
5.02425  -13.3519
5.0275  -13.3525
5.03075  -13.353
5.034  -13.3535
5.03725  -13.3541
5.0405  -13.3546
5.04375  -13.3551
5.047  -13.3557
5.05025  -13.3562
5.0535  -13.3568
5.05675  -13.3573
5.06  -13.3578
5.06325  -13.3584
5.0665  -13.3589
5.06975  -13.3595
5.073  -13.36
5.07625  -13.3606
5.0795  -13.3611
5.08275  -13.3616
5.086  -13.3622
5.08925  -13.3627
5.0925  -13.3633
5.09575  -13.3638
5.099  -13.3644
5.10225  -13.3649
5.1055  -13.3655
5.10875  -13.366
5.112  -13.3666
5.11525  -13.3671
5.1185  -13.3676
5.12175  -13.3682
5.125  -13.3687
5.12825  -13.3695
5.1315  -13.3702
5.13475  -13.3709
5.138  -13.3716
5.14125  -13.3723
5.1445  -13.3731
5.14775  -13.3738
5.151  -13.3745
5.15425  -13.3752
5.1575  -13.376
5.16075  -13.3767
5.164  -13.3774
5.16725  -13.3781
5.1705  -13.3789
5.17375  -13.3796
5.177  -13.3803
5.18025  -13.381
5.1835  -13.3818
5.18675  -13.3825
5.19  -13.3832
5.19325  -13.384
5.1965  -13.3847
5.19975  -13.3854
5.203  -13.3862
5.20625  -13.3869
5.2095  -13.3876
5.21275  -13.3884
5.216  -13.3891
5.21925  -13.3899
5.2225  -13.3906
5.22575  -13.3913
5.229  -13.3921
5.23225  -13.3928
5.2355  -13.3936
5.23875  -13.3943
5.242  -13.3951
5.24525  -13.3958
5.2485  -13.3966
5.25175  -13.3973
5.255  -13.3981
5.25825  -13.3988
5.2615  -13.3996
5.26475  -13.4003
5.268  -13.4011
5.27125  -13.4018
5.2745  -13.4026
5.27775  -13.4033
5.281  -13.4041
5.28425  -13.4048
5.2875  -13.4056
5.29075  -13.4064
5.294  -13.4071
5.29725  -13.4079
5.3005  -13.4086
5.30375  -13.4094
5.307  -13.4102
5.31025  -13.4109
5.3135  -13.4117
5.31675  -13.4125
5.32  -13.4132
5.32325  -13.414
5.3265  -13.4148
5.32975  -13.4156
5.333  -13.4163
5.33625  -13.4171
5.3395  -13.4179
5.34275  -13.4186
5.346  -13.4194
5.34925  -13.4202
5.3525  -13.421
5.35575  -13.4217
5.359  -13.4225
5.36225  -13.4233
5.3655  -13.4241
5.36875  -13.4249
5.372  -13.4257
5.37525  -13.4264
5.3785  -13.4267
5.38175  -13.4269
5.385  -13.4272
5.38825  -13.4274
5.3915  -13.4277
5.39475  -13.4279
5.398  -13.4282
5.40125  -13.4284
5.4045  -13.4287
5.40775  -13.4289
5.411  -13.4292
5.41425  -13.4294
5.4175  -13.4297
5.42075  -13.4299
5.424  -13.4302
5.42725  -13.4304
5.4305  -13.4307
5.43375  -13.4309
5.437  -13.4312
5.44025  -13.4314
5.4435  -13.4317
5.44675  -13.4319
5.45  -13.4322
5.45325  -13.4324
5.4565  -13.4327
5.45975  -13.4329
5.463  -13.4332
5.46625  -13.4334
5.4695  -13.4337
5.47275  -13.4339
5.476  -13.4342
5.47925  -13.4344
5.4825  -13.4347
5.48575  -13.4349
5.489  -13.4352
5.49225  -13.4354
5.4955  -13.4356
5.49875  -13.4359
5.502  -13.4361
5.50525  -13.4364
5.5085  -13.4366
5.51175  -13.4369
5.515  -13.4371
5.51825  -13.4373
5.5215  -13.4376
5.52475  -13.4378
5.528  -13.4381
5.53125  -13.4383
5.5345  -13.4386
5.53775  -13.4388
5.541  -13.439
5.54425  -13.4393
5.5475  -13.4395
5.55075  -13.4398
5.554  -13.44
5.55725  -13.4402
5.5605  -13.4405
5.56375  -13.4407
5.567  -13.441
5.57025  -13.4412
5.5735  -13.4414
5.57675  -13.4417
5.58  -13.4419
5.58325  -13.4421
5.5865  -13.4424
5.58975  -13.4426
5.593  -13.4429
5.59625  -13.4431
5.5995  -13.4433
5.60275  -13.4436
5.606  -13.4438
5.60925  -13.444
5.6125  -13.4443
5.61575  -13.4445
5.619  -13.4447
5.62225  -13.445
5.6255  -13.4452
5.62875  -13.4455
5.632  -13.4459
5.63525  -13.4462
5.6385  -13.4465
5.64175  -13.4469
5.645  -13.4472
5.64825  -13.4475
5.6515  -13.4479
5.65475  -13.4482
5.658  -13.4485
5.66125  -13.4488
5.6645  -13.4492
5.66775  -13.4495
5.671  -13.4498
5.67425  -13.4502
5.6775  -13.4505
5.68075  -13.4508
5.684  -13.4512
5.68725  -13.4515
5.6905  -13.4518
5.69375  -13.4521
5.697  -13.4525
5.70025  -13.4528
5.7035  -13.4531
5.70675  -13.4535
5.71  -13.4538
5.71325  -13.4541
5.7165  -13.4544
5.71975  -13.4548
5.723  -13.4551
5.72625  -13.4554
5.7295  -13.4558
5.73275  -13.4561
5.736  -13.4564
5.73925  -13.4567
5.7425  -13.4571
5.74575  -13.4574
5.749  -13.4577
5.75225  -13.4581
5.7555  -13.4584
5.75875  -13.4587
5.762  -13.459
5.76525  -13.4594
5.7685  -13.4597
5.77175  -13.46
5.775  -13.4604
5.77825  -13.4607
5.7815  -13.461
5.78475  -13.4613
5.788  -13.4617
5.79125  -13.462
5.7945  -13.4623
5.79775  -13.4627
5.801  -13.463
5.80425  -13.4633
5.8075  -13.4636
5.81075  -13.464
5.814  -13.4643
5.81725  -13.4646
5.8205  -13.465
5.82375  -13.4653
5.827  -13.4656
5.83025  -13.4659
5.8335  -13.4663
5.83675  -13.4666
5.84  -13.4669
5.84325  -13.4673
5.8465  -13.4676
5.84975  -13.4679
5.853  -13.4682
5.85625  -13.4686
5.8595  -13.4689
5.86275  -13.4692
5.866  -13.4696
5.86925  -13.4699
5.8725  -13.4702
5.87575  -13.4705
5.879  -13.4705
5.88225  -13.4706
5.8855  -13.4706
5.88875  -13.4707
5.892  -13.4708
5.89525  -13.4708
5.8985  -13.4709
5.90175  -13.4709
5.905  -13.471
5.90825  -13.471
5.9115  -13.4711
5.91475  -13.4711
5.918  -13.4712
5.92125  -13.4712
5.9245  -13.4713
5.92775  -13.4714
5.931  -13.4714
5.93425  -13.4715
5.9375  -13.4715
5.94075  -13.4716
5.944  -13.4716
5.94725  -13.4717
5.9505  -13.4717
5.95375  -13.4718
5.957  -13.4718
5.96025  -13.4719
5.9635  -13.4719
5.96675  -13.472
5.97  -13.472
5.97325  -13.4721
5.9765  -13.4721
5.97975  -13.4722
5.983  -13.4722
5.98625  -13.4723
5.9895  -13.4723
5.99275  -13.4724
5.996  -13.4724
5.99925  -13.4725
6.0025  -13.4725
6.00575  -13.4726
6.009  -13.4726
6.01225  -13.4727
6.0155  -13.4727
6.01875  -13.4728
6.022  -13.4728
6.02525  -13.4729
6.0285  -13.4729
6.03175  -13.473
6.035  -13.473
6.03825  -13.4731
6.0415  -13.4731
6.04475  -13.4732
6.048  -13.4732
6.05125  -13.4733
6.0545  -13.4733
6.05775  -13.4734
6.061  -13.4734
6.06425  -13.4735
6.0675  -13.4735
6.07075  -13.4736
6.074  -13.4736
6.07725  -13.4736
6.0805  -13.4737
6.08375  -13.4737
6.087  -13.4738
6.09025  -13.4738
6.0935  -13.4739
6.09675  -13.4739
6.1  -13.474
6.10325  -13.474
6.1065  -13.474
6.10975  -13.4741
6.113  -13.4741
6.11625  -13.4742
6.1195  -13.4742
6.12275  -13.4743
6.126  -13.4744
6.12925  -13.4749
6.1325  -13.4753
6.13575  -13.4757
6.139  -13.4761
6.14225  -13.4766
6.1455  -13.477
6.14875  -13.4774
6.152  -13.4778
6.15525  -13.4783
6.1585  -13.4787
6.16175  -13.4791
6.165  -13.4796
6.16825  -13.48
6.1715  -13.4804
6.17475  -13.4808
6.178  -13.4813
6.18125  -13.4817
6.1845  -13.4821
6.18775  -13.4826
6.191  -13.483
6.19425  -13.4834
6.1975  -13.4838
6.20075  -13.4843
6.204  -13.4847
6.20725  -13.4851
6.2105  -13.4856
6.21375  -13.486
6.217  -13.4864
6.22025  -13.4868
6.2235  -13.4873
6.22675  -13.4877
6.23  -13.4881
6.23325  -13.4886
6.2365  -13.489
6.23975  -13.4894
6.243  -13.4899
6.24625  -13.4903
6.2495  -13.4907
6.25275  -13.4911
6.256  -13.4916
6.25925  -13.492
6.2625  -13.4924
6.26575  -13.4929
6.269  -13.4933
6.27225  -13.4937
6.2755  -13.4942
6.27875  -13.4946
6.282  -13.495
6.28525  -13.4955
6.2885  -13.4959
6.29175  -13.4963
6.295  -13.4968
6.29825  -13.4972
6.3015  -13.4976
6.30475  -13.4981
6.308  -13.4985
6.31125  -13.4989
6.3145  -13.4994
6.31775  -13.4998
6.321  -13.5002
6.32425  -13.5007
6.3275  -13.5011
6.33075  -13.5015
6.334  -13.502
6.33725  -13.5024
6.3405  -13.5028
6.34375  -13.5033
6.347  -13.5037
6.35025  -13.5041
6.3535  -13.5046
6.35675  -13.505
6.36  -13.5054
6.36325  -13.5059
6.3665  -13.5063
6.36975  -13.5067
6.373  -13.5072
6.37625  -13.5074
6.3795  -13.5073
6.38275  -13.5073
6.386  -13.5072
6.38925  -13.5071
6.3925  -13.507
6.39575  -13.507
6.399  -13.5069
6.40225  -13.5068
6.4055  -13.5067
6.40875  -13.5067
6.412  -13.5066
6.41525  -13.5065
6.4185  -13.5064
6.42175  -13.5064
6.425  -13.5063
6.42825  -13.5062
6.4315  -13.5061
6.43475  -13.506
6.438  -13.506
6.44125  -13.5059
6.4445  -13.5058
6.44775  -13.5057
6.451  -13.5057
6.45425  -13.5056
6.4575  -13.5055
6.46075  -13.5054
6.464  -13.5053
6.46725  -13.5053
6.4705  -13.5052
6.47375  -13.5051
6.477  -13.505
6.48025  -13.505
6.4835  -13.5049
6.48675  -13.5048
6.49  -13.5047
6.49325  -13.5046
6.4965  -13.5046
6.49975  -13.5045
6.503  -13.5044
6.50625  -13.5043
6.5095  -13.5042
6.51275  -13.5042
6.516  -13.5041
6.51925  -13.504
6.5225  -13.5039
6.52575  -13.5038
6.529  -13.5038
6.53225  -13.5037
6.5355  -13.5036
6.53875  -13.5035
6.542  -13.5034
6.54525  -13.5034
6.5485  -13.5033
6.55175  -13.5032
6.555  -13.5031
6.55825  -13.503
6.5615  -13.503
6.56475  -13.5029
6.568  -13.5028
6.57125  -13.5027
6.5745  -13.5026
6.57775  -13.5025
6.581  -13.5025
6.58425  -13.5024
6.5875  -13.5023
6.59075  -13.5022
6.594  -13.5021
6.59725  -13.5021
6.6005  -13.502
6.60375  -13.5019
6.607  -13.5018
6.61025  -13.5017
6.6135  -13.5016
6.61675  -13.5016
6.62  -13.5015
6.62325  -13.5014
6.6265  -13.5016
6.62975  -13.5021
6.633  -13.5025
6.63625  -13.503
6.6395  -13.5035
6.64275  -13.504
6.646  -13.5045
6.64925  -13.505
6.6525  -13.5055
6.65575  -13.506
6.659  -13.5065
6.66225  -13.507
6.6655  -13.5074
6.66875  -13.5079
6.672  -13.5084
6.67525  -13.5089
6.6785  -13.5094
6.68175  -13.5099
6.685  -13.5104
6.68825  -13.5109
6.6915  -13.5114
6.69475  -13.5119
6.698  -13.5124
6.70125  -13.5129
6.7045  -13.5134
6.70775  -13.5139
6.711  -13.5144
6.71425  -13.5149
6.7175  -13.5154
6.72075  -13.5159
6.724  -13.5164
6.72725  -13.5169
6.7305  -13.5174
6.73375  -13.5179
6.737  -13.5184
6.74025  -13.5189
6.7435  -13.5194
6.74675  -13.5199
6.75  -13.5204
6.75325  -13.5209
6.7565  -13.5214
6.75975  -13.5219
6.763  -13.5224
6.76625  -13.5229
6.7695  -13.5234
6.77275  -13.5239
6.776  -13.5244
6.77925  -13.5249
6.7825  -13.5254
6.78575  -13.5259
6.789  -13.5264
6.79225  -13.5269
6.7955  -13.5275
6.79875  -13.528
6.802  -13.5285
6.80525  -13.529
6.8085  -13.5295
6.81175  -13.53
6.815  -13.5305
6.81825  -13.531
6.8215  -13.5315
6.82475  -13.5321
6.828  -13.5326
6.83125  -13.5331
6.8345  -13.5336
6.83775  -13.5341
6.841  -13.5346
6.84425  -13.5351
6.8475  -13.5357
6.85075  -13.5362
6.854  -13.5367
6.85725  -13.5372
6.8605  -13.5377
6.86375  -13.5382
6.867  -13.5388
6.87025  -13.5393
6.8735  -13.5398
6.87675  -13.5404
6.88  -13.5411
6.88325  -13.5418
6.8865  -13.5425
6.88975  -13.5432
6.893  -13.5439
6.89625  -13.5446
6.8995  -13.5454
6.90275  -13.5461
6.906  -13.5468
6.90925  -13.5475
6.9125  -13.5482
6.91575  -13.5489
6.919  -13.5496
6.92225  -13.5504
6.9255  -13.5511
6.92875  -13.5518
6.932  -13.5525
6.93525  -13.5532
6.9385  -13.554
6.94175  -13.5547
6.945  -13.5554
6.94825  -13.5561
6.9515  -13.5569
6.95475  -13.5576
6.958  -13.5583
6.96125  -13.559
6.9645  -13.5598
6.96775  -13.5605
6.971  -13.5612
6.97425  -13.562
6.9775  -13.5627
6.98075  -13.5634
6.984  -13.5642
6.98725  -13.5649
6.9905  -13.5657
6.99375  -13.5664
6.997  -13.5671
7.00025  -13.5679
7.0035  -13.5686
7.00675  -13.5694
7.01  -13.5701
7.01325  -13.5709
7.0165  -13.5716
7.01975  -13.5724
7.023  -13.5731
7.02625  -13.5739
7.0295  -13.5746
7.03275  -13.5754
7.036  -13.5761
7.03925  -13.5769
7.0425  -13.5776
7.04575  -13.5784
7.049  -13.5792
7.05225  -13.5799
7.0555  -13.5807
7.05875  -13.5814
7.062  -13.5822
7.06525  -13.583
7.0685  -13.5837
7.07175  -13.5845
7.075  -13.5853
7.07825  -13.586
7.0815  -13.5868
7.08475  -13.5876
7.088  -13.5884
7.09125  -13.5891
7.0945  -13.5899
7.09775  -13.5907
7.101  -13.5915
7.10425  -13.5923
7.1075  -13.593
7.11075  -13.5938
7.114  -13.5946
7.11725  -13.5954
7.1205  -13.5962
7.12375  -13.597
7.127  -13.597
7.13025  -13.5966
7.1335  -13.5963
7.13675  -13.5959
7.14  -13.5955
7.14325  -13.5951
7.1465  -13.5947
7.14975  -13.5943
7.153  -13.594
7.15625  -13.5936
7.1595  -13.5932
7.16275  -13.5928
7.166  -13.5924
7.16925  -13.5921
7.1725  -13.5917
7.17575  -13.5913
7.179  -13.5909
7.18225  -13.5905
7.1855  -13.5901
7.18875  -13.5898
7.192  -13.5894
7.19525  -13.589
7.1985  -13.5886
7.20175  -13.5882
7.205  -13.5879
7.20825  -13.5875
7.2115  -13.5871
7.21475  -13.5867
7.218  -13.5863
7.22125  -13.586
7.2245  -13.5856
7.22775  -13.5852
7.231  -13.5848
7.23425  -13.5845
7.2375  -13.5841
7.24075  -13.5837
7.244  -13.5833
7.24725  -13.5829
7.2505  -13.5826
7.25375  -13.5822
7.257  -13.5818
7.26025  -13.5814
7.2635  -13.5811
7.26675  -13.5807
7.27  -13.5803
7.27325  -13.5799
7.2765  -13.5796
7.27975  -13.5792
7.283  -13.5788
7.28625  -13.5784
7.2895  -13.5781
7.29275  -13.5777
7.296  -13.5773
7.29925  -13.5769
7.3025  -13.5766
7.30575  -13.5762
7.309  -13.5758
7.31225  -13.5755
7.3155  -13.5751
7.31875  -13.5747
7.322  -13.5743
7.32525  -13.574
7.3285  -13.5736
7.33175  -13.5732
7.335  -13.5728
7.33825  -13.5725
7.3415  -13.5721
7.34475  -13.5717
7.348  -13.5714
7.35125  -13.571
7.3545  -13.5706
7.35775  -13.5703
7.361  -13.5699
7.36425  -13.5695
7.3675  -13.5691
7.37075  -13.5688
7.374  -13.5684
7.37725  -13.5683
7.3805  -13.5684
7.38375  -13.5684
7.387  -13.5685
7.39025  -13.5686
7.3935  -13.5686
7.39675  -13.5687
7.4  -13.5687
7.40325  -13.5688
7.4065  -13.5688
7.40975  -13.5689
7.413  -13.5689
7.41625  -13.569
7.4195  -13.569
7.42275  -13.5691
7.426  -13.5692
7.42925  -13.5692
7.4325  -13.5693
7.43575  -13.5693
7.439  -13.5694
7.44225  -13.5694
7.4455  -13.5695
7.44875  -13.5695
7.452  -13.5696
7.45525  -13.5696
7.4585  -13.5697
7.46175  -13.5697
7.465  -13.5698
7.46825  -13.5698
7.4715  -13.5699
7.47475  -13.5699
7.478  -13.57
7.48125  -13.5701
7.4845  -13.5701
7.48775  -13.5702
7.491  -13.5702
7.49425  -13.5703
7.4975  -13.5703
7.50075  -13.5704
7.504  -13.5704
7.50725  -13.5705
7.5105  -13.5705
7.51375  -13.5706
7.517  -13.5706
7.52025  -13.5707
7.5235  -13.5707
7.52675  -13.5708
7.53  -13.5708
7.53325  -13.5709
7.5365  -13.5709
7.53975  -13.571
7.543  -13.571
7.54625  -13.5711
7.5495  -13.5711
7.55275  -13.5712
7.556  -13.5712
7.55925  -13.5712
7.5625  -13.5713
7.56575  -13.5713
7.569  -13.5714
7.57225  -13.5714
7.5755  -13.5715
7.57875  -13.5715
7.582  -13.5716
7.58525  -13.5716
7.5885  -13.5717
7.59175  -13.5717
7.595  -13.5718
7.59825  -13.5718
7.6015  -13.5719
7.60475  -13.5719
7.608  -13.572
7.61125  -13.572
7.6145  -13.5721
7.61775  -13.5721
7.621  -13.5721
7.62425  -13.5722
7.6275  -13.5728
7.63075  -13.5737
7.634  -13.5745
7.63725  -13.5753
7.6405  -13.5761
7.64375  -13.577
7.647  -13.5778
7.65025  -13.5786
7.6535  -13.5794
7.65675  -13.5803
7.66  -13.5811
7.66325  -13.5819
7.6665  -13.5828
7.66975  -13.5836
7.673  -13.5845
7.67625  -13.5853
7.6795  -13.5862
7.68275  -13.587
7.686  -13.5878
7.68925  -13.5887
7.6925  -13.5895
7.69575  -13.5904
7.699  -13.5913
7.70225  -13.5921
7.7055  -13.593
7.70875  -13.5938
7.712  -13.5947
7.71525  -13.5955
7.7185  -13.5964
7.72175  -13.5973
7.725  -13.5981
7.72825  -13.599
7.7315  -13.5999
7.73475  -13.6008
7.738  -13.6016
7.74125  -13.6025
7.7445  -13.6034
7.74775  -13.6043
7.751  -13.6051
7.75425  -13.606
7.7575  -13.6069
7.76075  -13.6078
7.764  -13.6087
7.76725  -13.6096
7.7705  -13.6105
7.77375  -13.6114
7.777  -13.6122
7.78025  -13.6131
7.7835  -13.614
7.78675  -13.6149
7.79  -13.6158
7.79325  -13.6167
7.7965  -13.6176
7.79975  -13.6186
7.803  -13.6195
7.80625  -13.6204
7.8095  -13.6213
7.81275  -13.6222
7.816  -13.6231
7.81925  -13.624
7.8225  -13.625
7.82575  -13.6259
7.829  -13.6268
7.83225  -13.6277
7.8355  -13.6287
7.83875  -13.6296
7.842  -13.6305
7.84525  -13.6314
7.8485  -13.6324
7.85175  -13.6333
7.855  -13.6343
7.85825  -13.6352
7.8615  -13.6361
7.86475  -13.6371
7.868  -13.638
7.87125  -13.639
7.8745  -13.6399
7.87775  -13.6405
7.881  -13.6409
7.88425  -13.6414
7.8875  -13.6418
7.89075  -13.6423
7.894  -13.6428
7.89725  -13.6432
7.9005  -13.6437
7.90375  -13.6442
7.907  -13.6446
7.91025  -13.6451
7.9135  -13.6455
7.91675  -13.646
7.92  -13.6465
7.92325  -13.6469
7.9265  -13.6474
7.92975  -13.6479
7.933  -13.6483
7.93625  -13.6488
7.9395  -13.6493
7.94275  -13.6497
7.946  -13.6502
7.94925  -13.6507
7.9525  -13.6511
7.95575  -13.6516
7.959  -13.6521
7.96225  -13.6526
7.9655  -13.653
7.96875  -13.6535
7.972  -13.654
7.97525  -13.6544
7.9785  -13.6549
7.98175  -13.6554
7.985  -13.6559
7.98825  -13.6563
7.9915  -13.6568
7.99475  -13.6573
7.998  -13.6578
8.00125  -13.6582
8.0045  -13.6587
8.00775  -13.6592
8.011  -13.6597
8.01425  -13.6601
8.0175  -13.6606
8.02075  -13.6611
8.024  -13.6616
8.02725  -13.6621
8.0305  -13.6625
8.03375  -13.663
8.037  -13.6635
8.04025  -13.664
8.0435  -13.6645
8.04675  -13.6649
8.05  -13.6654
8.05325  -13.6659
8.0565  -13.6664
8.05975  -13.6669
8.063  -13.6674
8.06625  -13.6678
8.0695  -13.6683
8.07275  -13.6688
8.076  -13.6693
8.07925  -13.6698
8.0825  -13.6703
8.08575  -13.6708
8.089  -13.6712
8.09225  -13.6717
8.0955  -13.6722
8.09875  -13.6727
8.102  -13.6732
8.10525  -13.6737
8.1085  -13.6742
8.11175  -13.6747
8.115  -13.6752
8.11825  -13.6757
8.1215  -13.6761
8.12475  -13.6766
8.128  -13.6763
8.13125  -13.676
8.1345  -13.6756
8.13775  -13.6752
8.141  -13.6748
8.14425  -13.6744
8.1475  -13.6741
8.15075  -13.6737
8.154  -13.6733
8.15725  -13.6729
8.1605  -13.6726
8.16375  -13.6722
8.167  -13.6718
8.17025  -13.6714
8.1735  -13.6711
8.17675  -13.6707
8.18  -13.6703
8.18325  -13.6699
8.1865  -13.6696
8.18975  -13.6692
8.193  -13.6688
8.19625  -13.6684
8.1995  -13.6681
8.20275  -13.6677
8.206  -13.6673
8.20925  -13.6669
8.2125  -13.6666
8.21575  -13.6662
8.219  -13.6658
8.22225  -13.6655
8.2255  -13.6651
8.22875  -13.6647
8.232  -13.6644
8.23525  -13.664
8.2385  -13.6636
8.24175  -13.6632
8.245  -13.6629
8.24825  -13.6625
8.2515  -13.6621
8.25475  -13.6618
8.258  -13.6614
8.26125  -13.661
8.2645  -13.6607
8.26775  -13.6603
8.271  -13.6599
8.27425  -13.6596
8.2775  -13.6592
8.28075  -13.6588
8.284  -13.6585
8.28725  -13.6581
8.2905  -13.6577
8.29375  -13.6574
8.297  -13.657
8.30025  -13.6566
8.3035  -13.6563
8.30675  -13.6559
8.31  -13.6555
8.31325  -13.6552
8.3165  -13.6548
8.31975  -13.6545
8.323  -13.6541
8.32625  -13.6537
8.3295  -13.6534
8.33275  -13.653
8.336  -13.6526
8.33925  -13.6523
8.3425  -13.6519
8.34575  -13.6516
8.349  -13.6512
8.35225  -13.6508
8.3555  -13.6505
8.35875  -13.6501
8.362  -13.6498
8.36525  -13.6494
8.3685  -13.649
8.37175  -13.6487
8.375  -13.6483
8.37825  -13.6487
8.3815  -13.649
8.38475  -13.6494
8.388  -13.6497
8.39125  -13.6501
8.3945  -13.6504
8.39775  -13.6507
8.401  -13.6511
8.40425  -13.6514
8.4075  -13.6518
8.41075  -13.6521
8.414  -13.6525
8.41725  -13.6528
8.4205  -13.6532
8.42375  -13.6535
8.427  -13.6539
8.43025  -13.6542
8.4335  -13.6546
8.43675  -13.6549
8.44  -13.6553
8.44325  -13.6556
8.4465  -13.656
8.44975  -13.6564
8.453  -13.6567
8.45625  -13.6571
8.4595  -13.6574
8.46275  -13.6578
8.466  -13.6581
8.46925  -13.6585
8.4725  -13.6588
8.47575  -13.6592
8.479  -13.6595
8.48225  -13.6599
8.4855  -13.6602
8.48875  -13.6606
8.492  -13.661
8.49525  -13.6613
8.4985  -13.6617
8.50175  -13.662
8.505  -13.6624
8.50825  -13.6627
8.5115  -13.6631
8.51475  -13.6634
8.518  -13.6638
8.52125  -13.6642
8.5245  -13.6645
8.52775  -13.6649
8.531  -13.6652
8.53425  -13.6656
8.5375  -13.666
8.54075  -13.6663
8.544  -13.6667
8.54725  -13.667
8.5505  -13.6674
8.55375  -13.6678
8.557  -13.6681
8.56025  -13.6685
8.5635  -13.6688
8.56675  -13.6692
8.57  -13.6696
8.57325  -13.6699
8.5765  -13.6703
8.57975  -13.6706
8.583  -13.671
8.58625  -13.6714
8.5895  -13.6717
8.59275  -13.6721
8.596  -13.6725
8.59925  -13.6728
8.6025  -13.6732
8.60575  -13.6735
8.609  -13.6739
8.61225  -13.6743
8.6155  -13.6746
8.61875  -13.675
8.622  -13.6754
8.62525  -13.6758
8.6285  -13.6764
8.63175  -13.677
8.635  -13.6776
8.63825  -13.6782
8.6415  -13.6788
8.64475  -13.6794
8.648  -13.6801
8.65125  -13.6807
8.6545  -13.6813
8.65775  -13.6819
8.661  -13.6825
8.66425  -13.6831
8.6675  -13.6838
8.67075  -13.6844
8.674  -13.685
8.67725  -13.6856
8.6805  -13.6863
8.68375  -13.6869
8.687  -13.6875
8.69025  -13.6881
8.6935  -13.6888
8.69675  -13.6894
8.7  -13.69
8.70325  -13.6907
8.7065  -13.6913
8.70975  -13.6919
8.713  -13.6926
8.71625  -13.6932
8.7195  -13.6938
8.72275  -13.6945
8.726  -13.6951
8.72925  -13.6957
8.7325  -13.6964
8.73575  -13.697
8.739  -13.6977
8.74225  -13.6983
8.7455  -13.699
8.74875  -13.6996
8.752  -13.7002
8.75525  -13.7009
8.7585  -13.7015
8.76175  -13.7022
8.765  -13.7028
8.76825  -13.7035
8.7715  -13.7041
8.77475  -13.7048
8.778  -13.7054
8.78125  -13.7061
8.7845  -13.7067
8.78775  -13.7074
8.791  -13.7081
8.79425  -13.7087
8.7975  -13.7094
8.80075  -13.71
8.804  -13.7107
8.80725  -13.7114
8.8105  -13.712
8.81375  -13.7127
8.817  -13.7133
8.82025  -13.714
8.8235  -13.7147
8.82675  -13.7153
8.83  -13.716
8.83325  -13.7167
8.8365  -13.7173
8.83975  -13.718
8.843  -13.7187
8.84625  -13.7194
8.8495  -13.72
8.85275  -13.7207
8.856  -13.7214
8.85925  -13.7221
8.8625  -13.7228
8.86575  -13.7234
8.869  -13.7241
8.87225  -13.7248
8.8755  -13.7254
8.87875  -13.7254
8.882  -13.7253
8.88525  -13.7253
8.8885  -13.7253
8.89175  -13.7253
8.895  -13.7253
8.89825  -13.7253
8.9015  -13.7253
8.90475  -13.7253
8.908  -13.7253
8.91125  -13.7253
8.9145  -13.7252
8.91775  -13.7252
8.921  -13.7252
8.92425  -13.7252
8.9275  -13.7252
8.93075  -13.7252
8.934  -13.7252
8.93725  -13.7252
8.9405  -13.7252
8.94375  -13.7251
8.947  -13.7251
8.95025  -13.7251
8.9535  -13.7251
8.95675  -13.7251
8.96  -13.7251
8.96325  -13.7251
8.9665  -13.7251
8.96975  -13.7251
8.973  -13.725
8.97625  -13.725
8.9795  -13.725
8.98275  -13.725
8.986  -13.725
8.98925  -13.725
8.9925  -13.725
8.99575  -13.725
8.999  -13.7249
9.00225  -13.7249
9.0055  -13.7249
9.00875  -13.7249
9.012  -13.7249
9.01525  -13.7249
9.0185  -13.7249
9.02175  -13.7249
9.025  -13.7249
9.02825  -13.7248
9.0315  -13.7248
9.03475  -13.7248
9.038  -13.7248
9.04125  -13.7248
9.0445  -13.7248
9.04775  -13.7248
9.051  -13.7248
9.05425  -13.7247
9.0575  -13.7247
9.06075  -13.7247
9.064  -13.7247
9.06725  -13.7247
9.0705  -13.7247
9.07375  -13.7247
9.077  -13.7247
9.08025  -13.7246
9.0835  -13.7246
9.08675  -13.7246
9.09  -13.7246
9.09325  -13.7246
9.0965  -13.7246
9.09975  -13.7246
9.103  -13.7246
9.10625  -13.7245
9.1095  -13.7245
9.11275  -13.7245
9.116  -13.7245
9.11925  -13.7245
9.1225  -13.7245
9.12575  -13.7245
9.129  -13.7245
9.13225  -13.7245
9.1355  -13.7245
9.13875  -13.7245
9.142  -13.7246
9.14525  -13.7246
9.1485  -13.7246
9.15175  -13.7246
9.155  -13.7246
9.15825  -13.7247
9.1615  -13.7247
9.16475  -13.7247
9.168  -13.7247
9.17125  -13.7247
9.1745  -13.7247
9.17775  -13.7248
9.181  -13.7248
9.18425  -13.7248
9.1875  -13.7248
9.19075  -13.7248
9.194  -13.7249
9.19725  -13.7249
9.2005  -13.7249
9.20375  -13.7249
9.207  -13.7249
9.21025  -13.7249
9.2135  -13.725
9.21675  -13.725
9.22  -13.725
9.22325  -13.725
9.2265  -13.725
9.22975  -13.725
9.233  -13.7251
9.23625  -13.7251
9.2395  -13.7251
9.24275  -13.7251
9.246  -13.7251
9.24925  -13.7251
9.2525  -13.7252
9.25575  -13.7252
9.259  -13.7252
9.26225  -13.7252
9.2655  -13.7252
9.26875  -13.7252
9.272  -13.7253
9.27525  -13.7253
9.2785  -13.7253
9.28175  -13.7253
9.285  -13.7253
9.28825  -13.7253
9.2915  -13.7253
9.29475  -13.7254
9.298  -13.7254
9.30125  -13.7254
9.3045  -13.7254
9.30775  -13.7254
9.311  -13.7254
9.31425  -13.7255
9.3175  -13.7255
9.32075  -13.7255
9.324  -13.7255
9.32725  -13.7255
9.3305  -13.7255
9.33375  -13.7255
9.337  -13.7256
9.34025  -13.7256
9.3435  -13.7256
9.34675  -13.7256
9.35  -13.7256
9.35325  -13.7256
9.3565  -13.7256
9.35975  -13.7257
9.363  -13.7257
9.36625  -13.7257
9.3695  -13.7257
9.37275  -13.7257
9.376  -13.7259
9.37925  -13.7266
9.3825  -13.7273
9.38575  -13.728
9.389  -13.7286
9.39225  -13.7293
9.3955  -13.73
9.39875  -13.7307
9.402  -13.7314
9.40525  -13.7321
9.4085  -13.7328
9.41175  -13.7334
9.415  -13.7341
9.41825  -13.7348
9.4215  -13.7355
9.42475  -13.7362
9.428  -13.7369
9.43125  -13.7376
9.4345  -13.7383
9.43775  -13.739
9.441  -13.7397
9.44425  -13.7404
9.4475  -13.7411
9.45075  -13.7418
9.454  -13.7425
9.45725  -13.7432
9.4605  -13.7439
9.46375  -13.7446
9.467  -13.7453
9.47025  -13.746
9.4735  -13.7467
9.47675  -13.7474
9.48  -13.7481
9.48325  -13.7488
9.4865  -13.7495
9.48975  -13.7503
9.493  -13.751
9.49625  -13.7517
9.4995  -13.7524
9.50275  -13.7531
9.506  -13.7538
9.50925  -13.7546
9.5125  -13.7553
9.51575  -13.756
9.519  -13.7567
9.52225  -13.7574
9.5255  -13.7582
9.52875  -13.7589
9.532  -13.7596
9.53525  -13.7604
9.5385  -13.7611
9.54175  -13.7618
9.545  -13.7625
9.54825  -13.7633
9.5515  -13.764
9.55475  -13.7648
9.558  -13.7655
9.56125  -13.7662
9.5645  -13.767
9.56775  -13.7677
9.571  -13.7684
9.57425  -13.7692
9.5775  -13.7699
9.58075  -13.7707
9.584  -13.7714
9.58725  -13.7722
9.5905  -13.7729
9.59375  -13.7737
9.597  -13.7744
9.60025  -13.7752
9.6035  -13.7759
9.60675  -13.7767
9.61  -13.7774
9.61325  -13.7782
9.6165  -13.779
9.61975  -13.7797
9.623  -13.7805
9.62625  -13.7809
9.6295  -13.7807
9.63275  -13.7805
9.636  -13.7803
9.63925  -13.7801
9.6425  -13.7799
9.64575  -13.7797
9.649  -13.7795
9.65225  -13.7793
9.6555  -13.7791
9.65875  -13.7789
9.662  -13.7787
9.66525  -13.7785
9.6685  -13.7783
9.67175  -13.7781
9.675  -13.7779
9.67825  -13.7777
9.6815  -13.7775
9.68475  -13.7773
9.688  -13.7771
9.69125  -13.7769
9.6945  -13.7767
9.69775  -13.7765
9.701  -13.7763
9.70425  -13.7761
9.7075  -13.776
9.71075  -13.7758
9.714  -13.7756
9.71725  -13.7754
9.7205  -13.7752
9.72375  -13.775
9.727  -13.7748
9.73025  -13.7746
9.7335  -13.7744
9.73675  -13.7742
9.74  -13.774
9.74325  -13.7738
9.7465  -13.7736
9.74975  -13.7734
9.753  -13.7732
9.75625  -13.773
9.7595  -13.7728
9.76275  -13.7726
9.766  -13.7724
9.76925  -13.7722
9.7725  -13.7721
9.77575  -13.7719
9.779  -13.7717
9.78225  -13.7715
9.7855  -13.7713
9.78875  -13.7711
9.792  -13.7709
9.79525  -13.7707
9.7985  -13.7705
9.80175  -13.7703
9.805  -13.7701
9.80825  -13.7699
9.8115  -13.7697
9.81475  -13.7695
9.818  -13.7693
9.82125  -13.7691
9.8245  -13.769
9.82775  -13.7688
9.831  -13.7686
9.83425  -13.7684
9.8375  -13.7682
9.84075  -13.768
9.844  -13.7678
9.84725  -13.7676
9.8505  -13.7674
9.85375  -13.7672
9.857  -13.767
9.86025  -13.7668
9.8635  -13.7666
9.86675  -13.7665
9.87  -13.7663
9.87325  -13.7661
9.8765  -13.766
9.87975  -13.7659
9.883  -13.7659
9.88625  -13.7659
9.8895  -13.7659
9.89275  -13.7659
9.896  -13.7659
9.89925  -13.7659
9.9025  -13.7658
9.90575  -13.7658
9.909  -13.7658
9.91225  -13.7658
9.9155  -13.7658
9.91875  -13.7658
9.922  -13.7658
9.92525  -13.7657
9.9285  -13.7657
9.93175  -13.7657
9.935  -13.7657
9.93825  -13.7657
9.9415  -13.7657
9.94475  -13.7657
9.948  -13.7657
9.95125  -13.7656
9.9545  -13.7656
9.95775  -13.7656
9.961  -13.7656
9.96425  -13.7656
9.9675  -13.7656
9.97075  -13.7656
9.974  -13.7655
9.97725  -13.7655
9.9805  -13.7655
9.98375  -13.7655
9.987  -13.7655
9.99025  -13.7655
9.9935  -13.7655
9.99675  -13.7654
